	HC1	HC2	HC3	HL1	HL2	HL3	HM1	HM2	HM3	HH1	HH2	HH3
ASV1	22348	3923	3085	1333	4584	1992	11287	6196	2412	10928	5404	11257
ASV2	57	117	59	62	71	80	11334	83	7551	26012	43860	49265
ASV3	272	186	106	1026	6231	1272	1852	912	500	2751	1874	886
ASV4	0	0	10649	779	5695	22118	3906	2555	13861	0	0	639
ASV5	4261	342	11623	619	3451	0	1126	295	15834	1003	0	0
ASV6	3321	288	1280	1863	4484	1296	1582	2761	4418	4590	2505	4788
ASV7	816	179	384	241	985	545	1616	5902	7698	6080	5612	4483
ASV8	2707	868	15401	0	6408	3116	2701	1587	0	586	489	587
ASV9	3630	1355	1053	1106	4032	1632	433	629	412	989	578	1173
ASV10	0	0	0	31753	3109	0	240	436	924	0	0	0
ASV11	1517	73	116	2096	4570	22191	113	124	667	927	1565	984
ASV12	432	63	50	23358	363	44	346	119	302	188	164	94
ASV13	34	32	0	37	0	0	7644	9941	41	0	50	0
ASV14	104	83	56	49	90	53	52	73	54	92	160	82
ASV15	0	0	210	794	5131	1855	4853	1773	2493	5842	3509	2186
ASV16	1421	22714	0	0	1240	0	61	1597	0	651	1130	279
ASV17	0	0	0	0	1096	601	0	0	0	0	0	0
ASV18	673	1108	344	70	76	150	236	423	171	173	55	57
ASV19	20	18009	42	57	24	31	211	182	79	46	65	50
ASV20	182	117	146	553	1000	0	0	0	0	70	222	866
ASV21	2455	1307	583	479	1729	621	390	391	806	58	595	137
ASV22	0	0	0	0	27	32	15782	18766	0	0	0	30
ASV23	0	9075	3267	702	2041	412	1577	804	582	794	649	1177
ASV24	1806	200	747	319	1108	1686	1511	6178	1801	1926	1503	1088
ASV25	13	40	19	19	14	8	37	23	67	120	139	246
ASV26	1039	86	356	614	1242	463	271	598	210	228	546	568
ASV27	149	0	634	0	1346	0	0	569	620	245	156	0
ASV28	1571	236	310	271	289	112	942	695	999	1749	881	827
ASV29	0	366	0	0	0	0	0	0	0	765	0	603
ASV30	46	44	667	466	71	63	50	3661	1341	60	190	49
ASV31	4852	0	65	0	0	5017	344	0	0	0	32	971
ASV32	1897	7806	26	18	355	334	16	120	41	135	265	98
ASV33	3213	0	0	1588	2426	3207	421	0	2385	0	0	0
ASV34	107	68	323	149	279	201	974	785	794	3580	2949	2816
ASV35	0	172	0	32	193	103	0	0	0	0	0	0
ASV36	459	383	236	169	870	268	1111	196	176	722	500	361
ASV37	6	6	11	0	0	10	0	0	0	4	0	0
ASV38	0	0	1019	705	0	0	0	650	1142	378	227	292
ASV39	0	0	0	6	0	0	0	0	0	0	0	0
ASV40	10722	61	479	787	81	39	42	24	18	122	46	87
ASV41	620	186	1471	394	1457	399	694	1248	1060	888	1492	675
ASV42	236	106	143	187	416	75	259	62	454	255	579	84
ASV43	65	296	0	0	0	0	43	0	0	0	0	0
ASV44	0	623	0	1070	3386	0	612	0	0	0	0	0
ASV45	1162	6400	3439	0	115	0	0	0	0	568	249	0
ASV46	52	173	766	40	0	35	0	0	201	29	48	26
ASV47	0	0	254	0	1831	0	0	2208	0	2287	128	0
ASV48	34	0	107	165	326	163	51	0	179	49	592	0
ASV49	1345	0	0	0	0	0	0	0	0	0	0	0
ASV50	91	0	0	0	0	0	0	0	0	0	0	33
ASV51	520	421	286	381	2257	135	544	430	878	655	0	286
ASV52	0	0	0	0	0	0	0	0	6500	0	0	0
ASV53	26	10	27	7565	170	149	32	32	24	33	26	53
ASV54	0	0	0	0	0	1831	0	3900	706	0	1284	0
ASV55	225	55	262	1932	120	71	118	26	108	162	203	311
ASV56	0	0	8980	49	0	0	0	0	112	0	0	0
ASV57	14	51	18	14	14	8	35	276	6	7185	9	7
ASV58	0	0	0	0	1463	0	0	0	0	0	0	0
ASV59	0	0	0	141	241	0	1043	483	859	0	1499	0
ASV60	0	56	0	356	1781	1939	0	65	1268	0	0	0
ASV61	0	0	0	0	0	0	0	0	0	0	0	0
ASV62	237	111	449	128	214	124	201	61	209	27	130	27
ASV63	0	0	0	0	0	1390	0	462	0	0	613	409
ASV64	0	3381	204	0	0	0	0	0	439	136	0	0
ASV65	0	0	0	0	0	6784	0	0	0	0	0	0
ASV66	0	0	0	1478	0	0	0	0	0	0	0	0
ASV67	267	20	30	63	53	34	101	57	234	53	47	39
ASV68	0	1732	0	0	0	0	2275	0	0	0	0	0
ASV69	0	0	0	0	0	192	0	0	0	0	0	0
ASV70	367	241	102	45	214	319	177	174	157	71	93	131
ASV71	0	0	1642	0	0	0	0	370	0	0	783	0
ASV72	202	96	158	27	28	94	24	175	696	138	325	0
ASV73	0	67	120	15	319	111	0	0	128	0	122	18
ASV74	1481	0	0	0	0	0	0	0	0	632	0	0
ASV75	0	3667	837	0	0	0	0	0	0	0	0	0
ASV76	17	0	5337	0	0	0	0	0	0	0	0	0
ASV77	310	17	106	29	8	48	40	36	0	18	5	6
ASV78	8	10	4	13	16	0	53	14	9	13	26	6
ASV79	0	0	0	16	36	18	20	0	0	0	36	0
ASV80	0	0	0	0	0	0	0	0	0	0	0	0
ASV81	715	0	1203	0	0	0	0	0	0	1203	0	991
ASV82	0	0	0	0	0	0	0	0	0	0	0	0
ASV83	138	90	83	138	116	90	22	115	128	408	271	321
ASV84	152	196	404	0	452	162	311	0	128	44	39	0
ASV85	587	220	90	8	0	3	5	192	90	0	20	61
ASV86	0	0	0	18	0	0	0	0	0	0	0	0
ASV87	71	0	0	704	437	325	112	62	0	0	161	213
ASV88	0	623	1676	0	0	283	230	0	0	0	0	0
ASV89	0	257	0	0	0	0	34	0	0	324	0	0
ASV90	0	0	3614	0	0	0	0	0	0	0	0	0
ASV91	0	383	0	0	0	0	0	0	0	0	0	0
ASV92	0	0	0	0	0	27	0	1074	319	0	0	0
ASV93	197	5	174	29	194	130	75	108	224	375	104	100
ASV94	0	11	9	10	1756	16	24	24	8	108	192	19
ASV95	0	293	0	0	129	0	544	0	0	0	0	0
ASV96	0	7	0	278	1472	840	27	0	0	111	42	40
ASV97	0	0	0	0	0	1520	0	0	156	346	0	0
ASV98	0	50	160	0	0	1869	0	0	0	513	192	57
ASV99	266	27	319	0	1274	0	0	0	0	192	0	0
ASV100	492	0	0	0	0	0	169	0	144	0	214	92
ASV101	32	10	0	2304	17	6	0	0	9	37	94	15
ASV102	0	0	0	2427	12	18	0	0	0	0	0	0
ASV103	0	0	0	0	0	0	0	0	0	0	0	0
ASV104	7	13	7	0	13	0	5	7	4	16	6	6
ASV105	198	0	0	0	0	0	0	0	745	1358	63	0
ASV106	0	285	0	449	0	656	104	0	0	0	0	185
ASV107	0	10	20	21	347	47	26	0	6	39	0	4
ASV108	0	421	0	0	0	0	0	0	0	0	289	0
ASV109	0	0	0	449	0	0	0	0	423	0	0	0
ASV110	0	0	0	35	59	255	154	0	320	46	117	0
ASV111	0	0	0	0	0	0	0	74	0	0	0	0
ASV112	0	0	0	0	0	0	0	0	828	0	522	0
ASV113	3	4	3	4	5	1	10	3	0	754	467	213
ASV114	61	52	42	0	0	0	0	110	0	22	0	631
ASV115	144	708	878	0	0	0	0	0	0	0	0	0
ASV116	827	0	0	0	0	0	0	0	0	0	0	0
ASV117	0	11	0	0	0	0	299	0	0	0	0	0
ASV118	68	32	81	15	88	29	54	66	139	22	123	60
ASV119	166	14	7	0	5	9	2262	0	0	16	10	8
ASV120	0	0	0	119	0	0	0	0	0	0	0	0
ASV121	0	38	0	4	0	51	9	1874	12	0	0	38
ASV122	3	2	0	80	12	45	716	21	161	28	0	73
ASV123	0	0	0	0	0	0	1	3	0	0	0	0
ASV124	0	0	2253	0	0	0	0	0	0	0	0	0
ASV125	2	0	4	2	5	4	13	0	1406	5	0	0
ASV126	51	15	32	9	100	15	83	78	41	347	89	64
ASV127	0	57	26	0	148	21	3	49	14	0	0	0
ASV128	227	6	12	14	105	49	20	61	59	280	247	126
ASV129	994	0	0	13	0	0	0	293	225	0	0	0
ASV130	157	0	0	0	0	82	84	680	165	88	0	31
ASV131	267	375	0	0	0	0	0	19	0	0	0	0
ASV132	406	0	128	0	0	0	0	295	147	0	0	0
ASV133	1531	0	0	0	0	0	0	0	0	0	0	0
ASV134	0	1419	0	0	0	0	0	0	0	0	0	0
ASV135	0	0	0	0	0	106	0	356	0	0	509	0
ASV136	391	13	0	0	51	0	0	248	18	0	668	0
ASV137	0	10	90	71	4	13	0	11	0	0	122	2
ASV138	0	0	0	130	843	520	0	18	0	0	0	0
ASV139	0	0	0	0	0	0	0	0	0	0	0	0
ASV140	0	424	0	149	0	0	279	0	0	0	0	0
ASV141	0	0	0	0	0	310	115	63	0	0	0	0
ASV142	0	0	0	0	0	1754	0	0	0	0	0	0
ASV143	207	0	124	89	215	97	77	3	192	57	190	110
ASV144	0	0	0	0	0	0	1573	0	0	0	0	0
ASV145	0	42	0	53	23	0	133	0	0	0	0	0
ASV146	0	0	0	0	0	0	0	1905	0	0	0	0
ASV147	140	0	0	19	297	308	11	0	0	0	42	12
ASV148	21	20	42	17	21	23	62	0	90	46	134	8
ASV149	0	0	92	0	200	0	0	0	408	0	46	43
ASV150	1224	13	0	0	2	0	0	0	0	0	0	0
ASV151	5	1	0	0	0	1	0	0	0	0	0	0
ASV152	1	0	0	0	527	0	0	0	178	0	36	0
ASV153	3	0	0	0	6	0	1465	54	20	0	0	0
ASV154	0	0	0	0	0	0	0	0	0	185	0	0
ASV155	0	0	1	0	23	345	11	80	0	7	564	83
ASV156	0	9	0	0	0	0	0	0	0	0	0	0
ASV157	0	144	0	0	0	0	0	0	0	19	230	0
ASV158	280	67	4	3	105	45	97	42	23	112	113	26
ASV159	0	5	0	88	44	0	1150	0	22	6	6	6
ASV160	167	155	0	0	0	0	0	0	37	0	22	248
ASV161	0	0	51	0	297	46	61	70	508	0	0	0
ASV162	530	0	0	0	0	0	0	142	0	0	0	96
ASV163	714	0	365	0	0	0	0	0	0	0	0	118
ASV164	9	0	16	5	39	17	67	90	82	33	32	20
ASV165	85	0	17	12	8	0	31	76	10	54	54	26
ASV166	0	0	0	1002	0	0	0	0	0	0	0	0
ASV167	92	0	0	0	0	0	0	0	0	0	0	0
ASV168	0	13	0	0	727	0	0	0	0	0	0	0
ASV169	0	0	1096	46	0	0	0	0	0	0	0	0
ASV170	0	0	0	0	0	0	0	389	0	0	0	0
ASV171	998	0	0	0	0	0	0	0	0	0	0	0
ASV172	0	0	0	0	0	0	0	0	0	0	0	0
ASV173	3	0	7	17	0	0	730	11	0	0	0	411
ASV174	969	0	0	0	0	0	0	0	0	0	0	0
ASV175	0	0	0	0	0	0	0	673	204	0	0	0
ASV176	0	0	0	0	0	266	0	0	0	0	0	0
ASV177	3	11	216	3	91	0	237	2	13	17	142	0
ASV178	0	1	1	3	155	0	0	0	102	3	54	27
ASV179	0	0	0	0	0	0	0	0	0	0	0	0
ASV180	43	0	0	0	22	66	0	0	0	89	11	45
ASV181	0	100	0	65	60	0	461	0	0	0	0	0
ASV182	0	51	0	0	9	0	0	40	0	85	0	3
ASV183	0	0	0	0	0	0	1	0	0	0	0	0
ASV184	0	0	0	0	0	0	0	0	0	0	423	0
ASV185	0	9	0	0	0	0	95	1180	0	22	0	0
ASV186	0	7	0	175	58	0	25	0	286	64	8	0
ASV187	42	1	33	49	0	12	199	0	90	0	12	0
ASV188	0	2	0	0	0	5	3	0	0	2	0	0
ASV189	105	0	0	6	61	0	0	0	244	0	0	0
ASV190	0	0	0	0	0	0	0	0	0	0	0	0
ASV191	0	1	7	2	0	0	3	5	0	3	1	4
ASV192	0	0	1	0	0	18	338	863	0	0	3	0
ASV193	0	26	2	31	0	3	0	26	0	2	31	0
ASV194	371	0	0	0	0	0	0	0	0	0	0	0
ASV195	5	0	8	8	383	0	0	0	0	0	3	0
ASV196	51	0	0	35	207	68	108	88	35	27	14	13
ASV197	181	0	90	0	50	67	0	115	1	65	82	24
ASV198	0	0	0	3	0	0	8	0	0	4	10	8
ASV199	6	0	51	196	396	52	16	0	12	0	0	0
ASV200	0	0	82	72	124	0	0	0	0	0	0	154
ASV201	0	0	0	148	29	8	0	0	12	0	0	0
ASV202	103	0	185	18	0	0	0	0	0	44	0	0
ASV203	1	0	0	0	692	0	0	2	4	0	0	29
ASV204	0	0	0	0	0	0	0	237	399	0	0	0
ASV205	0	0	0	0	50	0	0	0	0	0	0	0
ASV206	0	0	0	0	0	119	0	585	0	0	0	136
ASV207	0	0	0	0	0	0	208	65	252	0	0	0
ASV208	0	0	0	0	0	0	0	0	0	0	0	0
ASV209	79	7	9	22	0	29	43	0	20	0	0	0
ASV210	16	116	7	149	7	8	11	5	223	17	20	25
ASV211	0	91	0	0	0	0	0	0	0	0	0	0
ASV212	0	0	0	0	0	0	0	0	0	0	0	0
ASV213	0	0	0	0	0	0	0	0	0	555	0	159
ASV214	0	0	0	7	4	3	5	0	0	586	1	36
ASV215	608	3	4	1	0	6	0	3	2	0	0	0
ASV216	0	0	0	0	0	0	0	0	0	0	0	0
ASV217	1	0	28	0	568	0	5	0	0	0	0	5
ASV218	0	0	0	0	0	2	5	24	0	0	0	4
ASV219	0	0	0	0	9	0	4	0	0	56	235	22
ASV220	0	0	0	0	0	52	0	0	0	0	172	0
ASV221	23	29	0	37	11	17	29	8	0	5	18	17
ASV222	0	21	0	0	142	0	219	0	0	0	0	0
ASV223	0	0	0	0	0	0	0	0	9	25	188	145
ASV224	10	0	0	2	0	0	0	0	0	0	0	0
ASV225	25	70	94	32	87	76	8	7	17	0	0	0
ASV226	0	0	0	0	0	0	0	205	78	0	53	0
ASV227	0	0	0	0	0	94	0	0	262	0	56	0
ASV228	0	0	0	0	121	0	201	0	0	0	0	0
ASV229	0	0	0	0	0	304	0	0	0	0	218	0
ASV230	67	0	0	0	0	0	0	0	0	0	0	598
ASV231	0	0	664	0	0	0	0	0	0	0	0	0
ASV232	24	0	103	0	77	0	0	0	10	25	16	0
ASV233	0	0	0	0	44	27	0	0	0	0	0	0
ASV234	347	0	0	0	0	0	0	0	0	0	0	215
ASV235	0	0	0	0	0	0	0	0	0	0	0	0
ASV236	205	0	76	0	5	9	2	0	0	0	0	0
ASV237	0	0	0	43	0	0	0	0	0	0	0	0
ASV238	0	0	0	0	0	0	0	0	0	0	0	0
ASV239	0	0	0	0	0	0	159	0	0	0	59	0
ASV240	0	0	0	0	0	0	107	0	0	0	0	0
ASV241	0	0	0	1	1	0	217	182	146	0	4	0
ASV242	0	15	0	0	0	24	0	0	134	0	0	0
ASV243	29	89	8	0	1	0	18	270	16	2	0	0
ASV244	12	9	0	0	45	0	4	0	14	0	0	8
ASV245	0	2	0	0	0	0	0	12	0	1	3	0
ASV246	0	0	0	0	50	0	0	1	37	41	290	6
ASV247	0	0	0	0	0	0	0	704	0	0	0	0
ASV248	0	0	0	0	0	0	0	0	0	0	0	0
ASV249	4	0	4	0	0	6	0	665	0	0	2	0
ASV250	0	455	0	0	0	0	0	0	0	0	0	0
ASV251	0	0	0	0	0	0	0	0	0	0	0	0
ASV252	0	0	0	0	423	0	0	0	0	0	0	0
ASV253	0	0	0	0	0	0	0	0	0	0	0	0
ASV254	0	427	0	0	0	0	0	0	0	0	0	0
ASV255	0	0	0	0	0	33	0	125	115	0	207	0
ASV256	0	0	0	0	0	0	561	0	0	0	0	0
ASV257	0	0	104	0	12	0	0	0	13	38	57	6
ASV258	0	62	0	0	0	0	0	107	0	0	0	1
ASV259	0	0	0	0	0	0	0	0	0	0	0	0
ASV260	0	0	0	0	0	0	0	0	0	0	0	0
ASV261	0	0	0	0	0	0	0	0	0	0	0	0
ASV262	0	0	0	0	0	0	0	0	0	0	0	0
ASV263	0	271	170	0	0	0	0	0	0	0	0	0
ASV264	0	0	0	0	0	0	259	0	0	0	0	0
ASV265	0	0	0	0	0	0	0	0	1	294	69	42
ASV266	0	0	0	50	0	0	0	0	0	0	0	0
ASV267	0	0	0	0	0	0	19	0	13	0	0	0
ASV268	0	0	0	0	0	0	0	0	302	0	0	0
ASV269	0	7	32	0	24	10	0	2	38	57	32	0
ASV270	157	8	15	0	0	0	0	0	0	0	10	0
ASV271	0	30	0	46	0	0	132	0	0	0	0	0
ASV272	0	2	1	0	24	0	1	12	57	0	0	0
ASV273	0	0	0	0	0	0	0	0	0	0	0	0
ASV274	0	0	0	0	0	0	0	0	0	0	0	0
ASV275	0	0	0	0	0	0	506	0	0	0	0	0
ASV276	126	0	0	0	0	0	0	0	0	8	0	302
ASV277	66	13	57	0	15	0	15	17	0	0	0	0
ASV278	0	0	0	0	0	0	501	0	0	0	0	0
ASV279	238	16	0	0	52	0	0	0	0	0	0	0
ASV280	0	0	0	0	0	0	0	0	0	0	4	0
ASV281	0	0	0	0	368	0	0	0	0	0	0	0
ASV282	0	0	0	152	52	0	0	0	0	0	0	0
ASV283	0	0	0	0	0	0	0	0	326	0	0	0
ASV284	0	0	0	0	0	0	0	0	0	0	0	0
ASV285	0	0	0	0	0	0	0	0	0	0	0	432
ASV286	0	0	34	20	0	0	0	0	13	85	16	13
ASV287	0	0	0	6	278	75	0	0	1	0	0	0
ASV288	0	0	0	0	0	0	0	28	0	88	19	0
ASV289	0	0	0	0	337	0	0	0	0	0	0	0
ASV290	61	0	0	0	0	0	0	3	0	0	0	0
ASV291	0	14	0	0	0	0	0	160	0	0	0	0
ASV292	0	0	0	0	0	0	395	0	0	0	0	0
ASV293	0	0	0	0	0	0	2	3	0	7	0	17
ASV294	0	18	85	0	11	0	90	0	0	0	14	0
ASV295	0	0	155	0	0	0	0	0	0	204	0	0
ASV296	0	0	0	0	0	0	0	0	0	0	0	0
ASV297	0	0	81	0	0	0	0	0	0	0	0	0
ASV298	0	0	0	0	0	0	0	0	0	0	0	0
ASV299	0	81	0	0	33	0	0	0	0	0	0	0
ASV300	0	0	95	0	0	0	0	0	0	254	0	0
ASV301	0	0	0	0	0	0	0	0	0	0	0	0
ASV302	0	0	0	0	0	0	0	0	0	0	0	0
ASV303	0	0	0	0	0	0	0	0	0	77	0	2
ASV304	38	3	0	0	0	0	27	7	0	0	0	16
ASV305	0	0	0	0	0	0	0	0	0	0	0	0
ASV306	0	0	0	0	0	16	0	0	0	0	6	0
ASV307	136	0	0	0	0	0	0	0	0	0	0	186
ASV308	0	0	0	12	0	0	0	0	0	0	0	0
ASV309	169	0	0	0	0	0	0	0	0	0	0	0
ASV310	0	0	93	175	0	0	0	0	0	0	0	0
ASV311	26	0	18	1	0	0	0	17	0	0	1	208
ASV312	0	0	0	0	0	0	0	0	0	0	319	0
ASV313	0	1	0	0	0	0	0	0	0	0	300	0
ASV314	0	0	0	0	35	61	18	0	0	0	186	0
ASV315	12	131	38	3	5	26	2	0	0	22	1	0
ASV316	0	0	0	0	19	48	0	0	93	0	0	0
ASV317	0	0	0	0	0	0	0	0	0	0	0	0
ASV318	128	39	16	18	0	0	0	0	19	0	0	0
ASV319	2	0	4	3	0	0	12	0	6	8	5	7
ASV320	0	0	19	0	0	0	0	0	0	43	0	0
ASV321	0	0	0	0	0	0	0	58	0	0	0	0
ASV322	0	0	0	38	0	0	0	0	0	0	0	0
ASV323	3	0	0	0	0	0	80	8	0	0	10	0
ASV324	0	4	39	0	63	7	11	8	0	0	0	9
ASV325	0	0	0	0	0	0	0	0	228	0	4	0
ASV326	0	242	41	0	0	0	0	0	0	0	0	0
ASV327	0	266	0	0	0	0	0	0	0	0	0	0
ASV328	136	0	0	0	0	0	0	42	6	30	0	0
ASV329	0	0	0	0	0	113	0	0	0	0	0	0
ASV330	0	0	104	0	41	0	0	0	0	7	0	0
ASV331	0	0	0	0	0	0	0	0	1	0	0	0
ASV332	0	0	0	0	0	44	0	0	140	0	0	0
ASV333	0	0	0	0	0	0	0	0	0	0	0	0
ASV334	0	0	0	0	0	0	0	0	223	0	0	0
ASV335	0	0	0	176	23	18	0	0	24	0	0	0
ASV336	0	0	0	4	1	205	3	0	0	0	81	0
ASV337	0	0	0	0	0	0	0	0	0	0	0	0
ASV338	0	7	0	56	54	0	0	10	0	25	15	0
ASV339	88	19	77	21	0	0	0	0	0	16	0	0
ASV340	0	0	14	0	0	0	0	0	0	27	0	0
ASV341	0	0	20	0	0	104	69	0	0	0	0	0
ASV342	0	31	0	0	0	0	1	0	0	0	0	2
ASV343	0	0	103	0	0	0	0	0	0	0	0	0
ASV344	0	0	0	0	0	0	0	385	0	0	0	0
ASV345	127	56	0	11	4	0	0	0	0	0	13	1
ASV346	0	0	0	0	0	0	1	16	97	0	0	0
ASV347	0	0	7	2	0	0	12	1	0	60	0	3
ASV348	0	0	0	89	0	0	0	0	0	0	0	0
ASV349	0	0	21	0	0	0	0	0	0	246	0	0
ASV350	0	0	0	0	0	0	0	0	0	0	273	0
ASV351	0	196	57	0	0	0	0	0	0	0	0	0
ASV352	0	0	0	17	46	153	0	0	0	0	0	0
ASV353	0	0	0	0	0	0	7	0	0	0	0	0
ASV354	0	0	0	0	24	16	75	29	57	5	27	18
ASV355	0	0	0	0	0	0	0	0	0	0	0	0
ASV356	0	230	0	0	0	0	0	0	0	0	0	0
ASV357	0	0	0	20	0	0	0	0	0	0	0	0
ASV358	0	0	0	0	0	0	0	0	187	0	0	0
ASV359	0	0	0	0	0	0	0	0	0	0	126	0
ASV360	0	0	153	0	0	0	0	0	0	0	0	0
ASV361	0	0	0	0	0	0	0	0	0	0	244	0
ASV362	5	0	0	0	0	0	0	0	0	0	0	0
ASV363	0	216	0	0	0	0	0	0	0	0	0	0
ASV364	0	0	4	0	43	0	36	17	0	0	0	0
ASV365	0	0	1	0	4	0	77	1	0	0	154	0
ASV366	0	0	0	0	0	0	0	0	181	0	0	0
ASV367	0	0	41	0	0	21	0	0	0	0	0	0
ASV368	0	0	0	200	0	0	0	0	0	0	0	0
ASV369	200	0	1	0	0	0	0	0	0	0	0	1
ASV370	0	0	0	0	0	0	14	0	0	0	0	0
ASV371	0	0	0	0	0	0	0	0	0	0	0	0
ASV372	0	0	6	0	0	0	0	41	0	54	0	0
ASV373	0	0	0	0	0	0	0	308	0	0	0	0
ASV374	0	0	0	0	0	0	0	0	0	0	0	0
ASV375	0	3	0	0	0	0	0	0	0	21	56	0
ASV376	0	0	0	0	13	0	0	0	0	0	136	0
ASV377	91	0	127	0	0	0	0	0	0	0	0	16
ASV378	0	0	1	0	0	0	0	0	0	0	6	0
ASV379	0	0	0	0	0	0	0	0	165	0	0	0
ASV380	0	0	0	0	0	0	0	0	0	0	0	0
ASV381	0	0	0	0	0	0	0	0	0	0	0	0
ASV382	0	0	0	0	0	0	0	0	0	0	0	0
ASV383	0	0	0	0	0	0	0	0	0	0	0	0
ASV384	0	28	0	0	0	20	0	0	0	107	0	0
ASV385	0	0	0	0	0	0	0	0	0	0	0	0
ASV386	144	0	0	0	2	0	0	0	0	0	0	0
ASV387	0	0	0	0	0	0	0	0	0	147	0	61
ASV388	0	0	0	0	0	0	247	0	0	0	0	0
ASV389	0	0	0	0	0	0	0	0	0	0	0	0
ASV390	0	6	0	0	0	0	0	0	0	189	0	0
ASV391	0	0	0	37	32	21	63	0	0	48	0	0
ASV392	68	1	68	2	0	0	0	0	1	0	0	0
ASV393	0	0	0	0	0	0	0	0	0	0	0	0
ASV394	0	0	12	0	17	16	9	0	63	0	0	3
ASV395	0	0	0	0	0	0	0	0	0	0	0	0
ASV396	0	0	0	1	0	0	0	270	0	0	0	0
ASV397	95	0	66	0	0	0	0	0	0	0	0	36
ASV398	0	0	0	0	0	0	0	0	0	0	0	0
ASV399	0	0	128	0	0	0	0	0	0	50	0	0
ASV400	0	0	0	0	0	0	0	0	0	0	1	0
ASV401	0	0	0	0	0	0	0	0	0	0	0	0
ASV402	0	0	0	0	0	0	0	0	0	0	0	0
ASV403	0	0	0	0	0	0	0	0	0	0	0	0
ASV404	0	0	0	0	0	0	0	0	0	0	0	0
ASV405	0	0	224	0	0	0	0	0	0	0	0	0
ASV406	0	0	0	0	0	0	7	0	0	0	0	0
ASV407	0	0	0	1	0	0	0	1	0	1	0	0
ASV408	0	0	0	0	50	0	0	0	0	0	0	0
ASV409	63	1	0	0	0	0	23	0	0	0	9	0
ASV410	0	166	0	0	0	0	0	0	0	0	0	0
ASV411	0	0	0	0	111	0	0	0	0	0	0	0
ASV412	0	0	0	0	0	0	0	12	0	0	0	0
ASV413	0	0	207	0	0	0	0	0	0	0	0	0
ASV414	0	0	0	0	0	1	0	0	5	0	166	0
ASV415	0	40	0	0	0	0	0	0	98	0	0	15
ASV416	0	0	0	0	89	0	0	0	0	0	16	0
ASV417	0	0	0	0	0	0	0	0	0	0	0	0
ASV418	166	0	0	0	0	0	0	0	0	0	0	0
ASV419	0	159	0	0	0	0	0	0	0	0	0	0
ASV420	0	0	0	0	0	0	0	0	135	0	0	0
ASV421	0	0	0	0	0	0	0	0	0	0	42	0
ASV422	0	0	0	0	0	0	0	0	0	81	0	95
ASV423	0	0	0	0	0	0	0	0	0	0	0	0
ASV424	0	0	0	0	0	0	0	0	0	0	0	190
ASV425	0	0	0	28	0	0	0	0	0	0	0	0
ASV426	124	35	0	1	1	0	0	0	2	0	0	0
ASV427	81	0	0	0	0	19	0	99	0	0	0	0
ASV428	163	0	0	0	0	0	0	0	0	0	0	0
ASV429	0	0	0	0	0	43	0	0	0	0	0	0
ASV430	0	0	0	0	0	0	0	0	144	0	0	0
ASV431	101	0	63	0	0	0	0	0	0	0	0	0
ASV432	0	0	0	0	0	0	0	0	0	0	0	0
ASV433	0	0	0	0	0	0	0	0	0	0	0	0
ASV434	9	7	9	4	0	0	11	0	10	0	10	8
ASV435	0	0	0	0	0	0	0	0	0	0	4	191
ASV436	0	0	0	0	0	0	0	0	0	0	0	0
ASV437	0	0	0	0	0	0	0	0	0	0	123	0
ASV438	0	0	0	0	0	0	8	32	0	0	0	1
ASV439	0	0	0	0	0	0	8	0	0	0	0	19
ASV440	0	0	0	7	0	0	8	0	13	0	0	0
ASV441	0	0	71	11	55	17	17	0	0	0	0	0
ASV442	0	0	0	0	0	0	0	0	0	0	0	0
ASV443	0	0	0	0	0	0	0	0	44	46	0	0
ASV444	0	0	0	0	0	0	0	0	0	0	0	0
ASV445	21	5	9	15	0	6	0	20	0	10	0	0
ASV446	0	0	68	0	0	0	0	0	0	0	0	0
ASV447	0	0	0	0	0	0	40	9	36	0	0	0
ASV448	0	0	30	1	53	0	0	0	0	1	0	1
ASV449	0	0	60	0	0	0	0	26	46	0	0	43
ASV450	0	0	0	0	0	186	0	0	0	0	0	0
ASV451	0	0	0	0	0	0	0	0	107	0	0	0
ASV452	0	0	0	0	0	0	0	0	0	0	0	0
ASV453	0	0	0	2	12	8	8	6	3	0	0	0
ASV454	0	0	0	0	0	0	0	0	0	0	0	1
ASV455	0	0	0	0	0	0	0	0	0	139	0	0
ASV456	0	0	0	0	0	0	0	0	0	97	0	66
ASV457	0	0	0	0	0	0	0	0	132	0	0	0
ASV458	0	0	0	0	0	0	0	0	0	0	0	0
ASV459	0	0	0	0	0	0	0	0	0	0	153	0
ASV460	0	0	0	0	0	0	0	214	0	0	0	0
ASV461	2	0	37	0	0	0	0	0	82	0	1	0
ASV462	0	41	0	0	0	94	0	0	0	0	0	0
ASV463	0	25	0	33	55	0	0	0	0	0	0	0
ASV464	0	0	6	0	41	35	11	20	8	0	0	0
ASV465	0	0	0	0	0	0	0	0	0	0	0	0
ASV466	0	0	0	0	0	0	0	0	0	0	0	0
ASV467	2	0	0	0	0	0	0	0	0	0	0	0
ASV468	0	0	0	0	0	0	13	0	0	20	0	0
ASV469	0	0	0	0	0	0	0	0	0	0	1	0
ASV470	0	0	0	0	0	102	0	0	0	0	0	0
ASV471	0	0	0	0	0	0	0	0	116	0	0	0
ASV472	0	0	0	0	0	0	0	0	0	0	0	165
ASV473	0	0	0	0	0	0	0	0	0	0	0	0
ASV474	0	0	0	0	0	0	0	0	0	0	0	0
ASV475	16	0	0	0	48	0	0	0	0	0	17	0
ASV476	0	0	0	0	0	0	0	0	0	0	0	0
ASV477	0	0	0	0	0	0	0	0	0	0	0	0
ASV478	0	0	0	0	0	0	0	0	53	0	0	0
ASV479	0	117	0	0	0	0	0	0	0	0	0	0
ASV480	0	0	0	0	42	2	2	19	0	0	0	0
ASV481	0	0	0	0	0	0	0	0	0	0	137	0
ASV482	0	0	0	111	0	0	0	0	0	0	0	0
ASV483	0	0	152	0	0	0	0	0	0	0	0	0
ASV484	0	0	0	0	0	0	0	0	0	84	0	75
ASV485	0	0	0	0	0	0	0	0	0	0	0	0
ASV486	0	0	0	0	0	0	0	195	0	0	0	0
ASV487	0	0	0	0	0	0	0	0	0	0	0	0
ASV488	0	0	0	0	0	0	0	0	110	0	0	0
ASV489	0	0	0	0	0	0	0	0	0	0	140	0
ASV490	0	0	0	0	0	0	0	0	0	0	0	138
ASV491	0	0	0	0	0	0	0	0	116	0	0	0
ASV492	0	0	0	0	0	0	0	0	0	0	0	0
ASV493	76	0	72	0	0	0	0	0	0	0	0	0
ASV494	16	0	11	0	0	0	0	0	33	16	0	0
ASV495	0	0	0	0	0	0	0	0	0	0	0	0
ASV496	59	60	0	0	0	0	0	0	0	0	0	0
ASV497	0	124	0	0	0	0	0	0	0	0	0	0
ASV498	0	0	2	0	115	0	0	0	0	0	0	0
ASV499	1	0	0	0	0	0	0	0	0	0	0	0
ASV500	58	0	0	0	4	0	0	0	0	0	0	0
ASV501	0	1	0	0	0	0	0	0	0	11	0	0
ASV502	0	0	0	0	0	0	0	0	0	0	0	0
ASV503	0	0	0	0	0	0	0	0	0	0	0	0
ASV504	0	0	0	0	0	0	0	0	0	0	0	0
ASV505	0	0	0	0	0	0	0	0	0	0	0	0
ASV506	0	0	0	0	0	0	0	0	0	135	0	0
ASV507	0	0	0	11	0	21	0	0	0	0	0	0
ASV508	0	127	0	0	0	0	0	0	0	0	0	0
ASV509	0	0	0	0	0	0	0	0	0	32	0	0
ASV510	0	0	0	0	0	0	0	0	0	0	0	0
ASV511	0	0	93	2	14	0	0	0	0	30	1	0
ASV512	0	0	0	0	0	0	0	0	0	0	0	0
ASV513	0	1	0	0	0	0	1	2	0	0	0	0
ASV514	0	0	0	0	0	0	0	0	0	0	105	0
ASV515	0	0	0	0	0	0	0	0	0	134	0	0
ASV516	0	0	0	0	0	0	0	0	0	0	45	0
ASV517	0	0	0	22	0	0	45	0	0	0	0	0
ASV518	0	0	0	0	0	0	2	0	0	0	0	0
ASV519	0	0	0	0	0	0	0	0	0	0	0	0
ASV520	0	0	0	0	100	0	0	0	0	0	0	0
ASV521	0	0	0	0	0	0	0	0	0	0	0	0
ASV522	0	113	0	0	0	0	0	0	0	0	0	0
ASV523	0	0	0	0	115	0	0	0	0	0	0	0
ASV524	0	0	0	0	0	0	0	0	0	0	0	0
ASV525	0	0	0	2	79	0	0	0	0	1	0	0
ASV526	0	0	0	0	0	18	0	0	0	0	0	0
ASV527	0	0	0	0	0	0	0	0	0	0	0	0
ASV528	0	0	0	0	0	0	0	0	0	0	15	0
ASV529	0	0	0	0	0	0	0	0	0	0	22	0
ASV530	0	0	0	0	29	0	71	36	0	0	0	0
ASV531	0	0	0	0	0	0	0	0	97	0	0	0
ASV532	0	0	0	0	0	0	0	0	0	0	129	0
ASV533	0	0	0	0	11	0	0	0	0	0	0	7
ASV534	108	0	0	0	0	0	0	0	0	0	0	0
ASV535	0	0	0	0	0	0	0	0	0	0	0	3
ASV536	0	0	0	0	0	0	0	0	0	0	0	0
ASV537	0	0	0	0	0	0	0	0	0	0	0	0
ASV538	1	1	0	0	0	10	0	0	87	0	0	0
ASV539	0	0	0	99	0	0	0	0	0	0	0	0
ASV540	0	0	0	0	0	0	0	0	0	0	0	0
ASV541	0	0	0	0	0	0	0	0	0	0	102	0
ASV542	0	0	0	0	0	31	0	31	29	0	0	0
ASV543	0	0	0	0	0	0	0	0	0	0	0	0
ASV544	0	0	0	0	0	0	0	0	0	0	0	0
ASV545	0	0	0	0	0	0	0	0	0	0	0	0
ASV546	0	0	0	0	0	0	0	45	0	0	0	0
ASV547	0	0	0	0	0	0	0	0	0	63	46	0
ASV548	0	39	0	38	0	0	0	0	0	0	0	0
ASV549	0	0	40	0	0	0	0	0	0	0	22	0
ASV550	0	0	0	0	0	0	0	0	0	0	60	0
ASV551	0	0	0	0	0	0	0	0	0	0	0	0
ASV552	0	0	0	0	0	0	0	0	13	2	0	0
ASV553	0	0	0	17	6	0	0	0	0	0	0	0
ASV554	0	0	0	0	93	0	0	0	0	0	0	0
ASV555	13	0	0	0	2	4	0	1	10	0	49	6
ASV556	0	0	10	13	8	0	11	0	0	0	0	0
ASV557	0	0	0	0	0	0	0	0	92	1	0	0
ASV558	103	0	0	0	0	0	0	0	0	0	0	0
ASV559	0	0	0	0	0	0	0	0	48	0	0	0
ASV560	0	0	0	0	0	0	0	0	0	0	0	0
ASV561	44	0	5	0	0	0	0	0	9	16	0	8
ASV562	0	0	0	84	0	0	0	0	0	0	5	0
ASV563	0	0	0	42	0	76	0	5	0	0	0	0
ASV564	0	0	0	0	0	57	40	0	0	0	0	0
ASV565	0	0	0	0	0	0	0	0	0	0	0	128
ASV566	0	0	0	0	0	0	0	0	0	0	0	0
ASV567	0	0	0	0	0	0	75	0	0	32	0	0
ASV568	0	0	0	0	0	0	0	0	0	0	0	52
ASV569	0	0	0	0	0	13	0	0	0	0	0	0
ASV570	0	0	0	0	0	0	0	0	0	0	0	0
ASV571	51	0	0	0	44	0	0	0	0	0	0	0
ASV572	0	0	0	0	0	0	0	38	0	0	0	0
ASV573	0	0	0	43	0	43	0	0	28	0	0	0
ASV574	0	0	0	0	0	25	0	2	0	0	0	0
ASV575	0	92	0	0	0	0	0	0	0	0	0	0
ASV576	0	16	0	0	0	0	0	0	0	0	0	0
ASV577	0	0	0	0	0	0	0	0	0	0	0	0
ASV578	0	0	0	0	0	0	0	0	0	0	0	0
ASV579	0	0	0	0	0	0	0	0	0	0	0	0
ASV580	0	0	0	7	0	0	0	0	0	0	0	0
ASV581	0	0	0	0	0	0	0	0	0	0	0	0
ASV582	14	0	7	0	0	0	0	0	1	0	9	0
ASV583	0	0	0	0	0	0	0	0	0	0	0	0
ASV584	0	0	6	0	14	11	15	75	0	0	0	0
ASV585	0	0	0	0	75	0	18	0	0	0	0	0
ASV586	0	0	0	0	0	0	0	0	87	0	0	0
ASV587	0	0	0	0	0	0	0	0	0	0	0	0
ASV588	0	0	0	0	0	0	0	0	0	0	0	0
ASV589	0	0	0	0	1	12	0	0	0	43	14	8
ASV590	0	0	0	0	66	0	0	0	0	0	0	0
ASV591	0	0	0	0	0	70	0	0	0	0	0	0
ASV592	0	0	0	0	0	0	0	0	0	104	0	0
ASV593	0	0	0	0	0	0	0	0	79	0	0	0
ASV594	0	0	0	0	0	0	0	0	0	0	0	0
ASV595	1	0	0	0	0	0	19	0	15	0	0	0
ASV596	94	0	0	0	0	0	0	0	0	0	0	0
ASV597	0	0	0	0	0	0	0	89	15	0	0	0
ASV598	0	0	0	0	0	0	0	0	0	0	0	0
ASV599	0	0	4	0	0	0	0	0	0	0	0	0
ASV600	0	0	0	0	0	0	0	0	49	0	0	0
ASV601	0	2	0	0	0	0	0	0	0	0	0	0
ASV602	0	0	48	0	40	8	0	0	0	0	0	0
ASV603	0	0	0	0	0	0	0	132	0	0	0	0
ASV604	0	0	0	0	0	0	0	0	0	0	0	0
ASV605	83	0	0	0	0	0	0	0	0	0	0	0
ASV606	0	0	0	0	0	0	0	0	0	0	0	0
ASV607	0	0	0	0	0	0	0	0	0	0	0	0
ASV608	0	0	0	0	0	0	0	0	0	0	0	0
ASV609	0	0	31	0	0	0	0	0	24	0	0	0
ASV610	0	0	0	0	0	0	0	0	0	0	0	0
ASV611	0	0	0	0	0	0	0	0	0	0	0	0
ASV612	0	0	0	0	0	0	0	0	0	0	0	0
ASV613	86	0	0	0	0	0	0	0	0	0	0	0
ASV614	0	0	0	0	0	0	83	0	0	0	8	0
ASV615	0	0	0	0	0	0	0	0	0	0	0	0
ASV616	1	0	0	0	0	0	0	14	0	0	2	0
ASV617	0	0	0	0	0	0	0	0	0	0	0	0
ASV618	0	0	13	0	0	22	53	0	10	0	0	0
ASV619	0	0	1	0	0	0	0	0	0	0	36	0
ASV620	0	0	0	50	0	0	0	0	0	0	0	3
ASV621	0	0	0	0	0	0	0	0	0	0	0	0
ASV622	0	0	0	22	54	10	0	0	0	0	0	1
ASV623	0	0	0	1	0	0	0	58	19	0	0	0
ASV624	0	0	0	0	15	0	5	0	34	0	0	0
ASV625	72	0	0	0	0	0	0	0	0	0	0	0
ASV626	5	0	0	0	0	0	0	0	0	18	0	0
ASV627	0	0	103	0	0	0	0	0	0	0	0	0
ASV628	0	0	0	0	0	0	0	0	0	0	83	0
ASV629	0	0	0	0	84	0	0	0	0	0	0	0
ASV630	0	0	0	0	0	0	0	0	0	0	0	0
ASV631	0	0	0	0	0	0	0	0	0	84	0	0
ASV632	0	0	0	0	0	0	13	0	0	27	3	0
ASV633	0	0	0	0	0	0	0	0	6	0	83	0
ASV634	0	0	0	75	0	0	0	0	0	0	0	0
ASV635	0	0	0	0	0	0	0	32	51	0	0	0
ASV636	0	0	0	2	0	0	0	0	0	0	0	0
ASV637	0	1	1	0	12	0	0	0	0	0	0	82
ASV638	0	0	0	1	15	0	0	0	37	0	17	0
ASV639	0	0	0	0	45	15	0	0	0	0	0	0
ASV640	0	0	0	0	0	0	0	0	29	0	0	0
ASV641	0	0	0	0	0	0	0	0	0	0	0	0
ASV642	0	0	0	0	0	0	0	0	0	0	0	0
ASV643	0	0	0	0	0	0	108	0	0	0	0	0
ASV644	48	0	0	0	0	0	0	0	0	0	0	0
ASV645	0	0	99	0	0	0	0	0	0	0	0	0
ASV646	0	0	0	0	0	0	0	0	0	8	0	0
ASV647	17	0	0	0	0	12	0	0	4	18	0	20
ASV648	0	0	0	0	0	98	0	0	0	0	0	0
ASV649	0	0	0	0	0	0	0	0	0	0	0	0
ASV650	0	0	0	0	0	0	0	0	0	0	0	0
ASV651	0	0	15	0	0	0	0	0	0	0	0	30
ASV652	0	0	0	0	0	0	0	0	0	0	14	0
ASV653	0	0	0	0	75	0	0	0	0	0	0	0
ASV654	0	0	0	0	0	0	0	0	0	0	0	0
ASV655	0	73	0	0	0	0	0	0	0	0	0	0
ASV656	0	0	0	0	0	0	0	0	0	85	0	0
ASV657	0	0	0	0	0	0	0	0	0	0	0	0
ASV658	0	0	0	0	0	0	0	0	0	0	0	0
ASV659	0	0	0	0	0	0	0	0	0	0	0	0
ASV660	76	0	0	0	0	0	0	0	0	0	0	0
ASV661	0	13	62	0	12	0	0	0	1	0	0	0
ASV662	0	0	0	0	0	34	0	0	0	0	0	0
ASV663	0	0	0	0	0	0	0	0	0	0	0	0
ASV664	71	0	0	0	0	0	0	0	0	0	0	0
ASV665	0	0	0	33	0	0	30	0	0	0	0	0
ASV666	0	0	0	0	0	0	0	0	0	0	0	0
ASV667	0	0	0	0	0	16	0	44	0	0	10	0
ASV668	0	0	0	0	66	0	0	0	0	0	0	0
ASV669	0	0	0	0	0	0	0	109	0	0	0	0
ASV670	0	0	0	0	0	0	0	4	60	0	0	0
ASV671	0	0	0	0	0	0	0	53	0	0	0	0
ASV672	0	0	0	0	0	0	0	0	0	0	0	0
ASV673	0	0	0	0	0	0	0	0	0	0	0	0
ASV674	0	0	0	0	0	0	0	0	0	0	0	0
ASV675	0	0	0	0	0	6	0	0	0	0	0	0
ASV676	0	0	0	0	0	0	91	0	0	0	0	0
ASV677	0	0	0	0	0	0	0	0	0	0	0	0
ASV678	0	0	12	0	19	0	18	0	0	0	0	0
ASV679	0	0	0	71	0	0	0	0	0	0	0	0
ASV680	0	0	0	0	0	0	0	0	0	0	0	0
ASV681	0	0	0	0	0	0	0	0	0	0	0	0
ASV682	0	0	0	0	0	0	0	103	0	0	0	0
ASV683	0	0	0	0	0	0	0	0	0	0	0	0
ASV684	0	0	0	0	0	0	0	0	0	0	0	0
ASV685	1	0	0	8	30	11	0	0	0	0	0	0
ASV686	0	0	0	0	0	25	0	0	0	0	49	0
ASV687	0	0	0	0	0	76	0	0	0	0	0	0
ASV688	0	0	0	0	0	0	1	0	0	0	0	0
ASV689	0	0	0	0	0	0	0	0	0	0	0	0
ASV690	0	0	0	0	0	0	0	0	0	79	0	0
ASV691	0	0	0	0	28	0	0	0	0	0	0	0
ASV692	0	0	0	0	0	0	84	0	0	0	0	0
ASV693	0	0	0	0	0	0	0	19	0	0	0	0
ASV694	0	0	0	0	0	0	0	2	0	0	0	76
ASV695	0	0	0	0	0	0	0	0	0	0	71	0
ASV696	0	0	0	0	37	0	0	0	24	0	0	0
ASV697	0	0	0	0	0	0	0	0	52	0	0	0
ASV698	0	0	0	0	0	0	0	0	0	0	0	0
ASV699	0	0	0	0	0	0	0	0	0	0	0	0
ASV700	0	11	0	0	0	0	0	0	24	0	0	0
ASV701	0	0	0	58	0	0	0	0	0	0	0	0
ASV702	0	0	0	0	0	0	0	97	0	0	0	0
ASV703	0	0	0	0	0	0	0	0	0	0	0	0
ASV704	33	0	0	0	23	0	0	0	0	0	0	0
ASV705	0	0	0	0	0	0	0	0	38	0	15	0
ASV706	0	0	0	0	64	0	0	0	0	0	0	0
ASV707	0	0	0	0	18	0	0	0	0	0	0	0
ASV708	0	0	0	0	1	0	0	0	0	0	0	0
ASV709	0	0	0	0	0	0	0	0	0	0	0	0
ASV710	0	0	0	0	0	24	0	0	12	0	26	0
ASV711	0	0	0	0	0	0	0	0	44	0	8	0
ASV712	0	0	0	0	0	0	0	0	27	0	0	0
ASV713	0	0	0	0	0	0	0	0	0	0	0	0
ASV714	0	0	0	0	0	0	0	0	0	0	0	0
ASV715	0	0	42	0	0	0	0	0	0	0	6	0
ASV716	0	0	50	0	0	3	0	0	0	0	11	0
ASV717	0	0	0	0	61	0	0	0	0	0	0	0
ASV718	0	0	0	0	0	0	0	0	0	0	0	0
ASV719	0	0	0	0	0	0	0	0	0	0	0	0
ASV720	0	0	0	0	0	0	0	0	0	0	0	0
ASV721	0	0	49	0	0	0	0	0	0	0	0	0
ASV722	0	0	18	0	0	0	0	0	0	0	0	0
ASV723	0	0	0	0	1	0	27	0	13	0	0	0
ASV724	0	0	0	0	0	0	0	0	0	0	0	0
ASV725	0	2	0	0	0	0	0	0	0	0	0	0
ASV726	0	0	0	0	63	0	0	0	0	0	0	0
ASV727	0	0	0	0	56	0	0	0	0	0	0	0
ASV728	0	0	0	0	34	0	0	0	19	0	0	0
ASV729	0	0	0	0	0	62	0	0	0	0	0	0
ASV730	0	0	0	0	0	0	0	0	49	0	0	0
ASV731	60	0	0	2	0	0	0	1	0	0	0	1
ASV732	0	7	9	0	0	0	0	0	0	6	0	0
ASV733	0	0	54	0	0	0	0	0	0	0	0	19
ASV734	0	0	0	0	0	0	0	0	42	0	0	0
ASV735	0	0	0	0	0	0	0	0	0	0	0	0
ASV736	0	1	0	0	0	0	0	84	0	0	0	0
ASV737	0	0	0	18	0	47	0	0	0	0	3	0
ASV738	0	0	0	0	0	0	0	0	0	0	0	0
ASV739	0	0	0	0	2	0	0	0	0	32	21	14
ASV740	0	0	0	0	55	0	0	0	0	0	0	0
ASV741	0	0	0	0	0	0	76	0	0	0	0	0
ASV742	0	0	0	0	0	0	0	87	0	0	0	0
ASV743	0	0	0	0	0	0	0	0	0	0	0	0
ASV744	0	0	0	0	0	0	0	0	0	0	0	0
ASV745	0	1	0	0	0	0	0	0	0	0	0	0
ASV746	0	0	0	0	0	0	0	0	0	0	0	0
ASV747	52	0	0	0	0	0	0	0	0	0	0	0
ASV748	0	0	0	0	0	0	0	0	0	0	0	0
ASV749	0	0	0	0	0	0	18	0	0	0	0	0
ASV750	0	0	0	0	0	0	0	0	0	0	0	0
ASV751	0	0	0	0	0	0	0	0	0	0	0	0
ASV752	0	0	0	0	58	0	0	0	0	0	0	0
ASV753	0	0	0	0	0	0	0	0	0	2	32	0
ASV754	0	0	0	6	46	0	0	0	0	0	0	0
ASV755	0	0	0	0	0	0	0	0	0	0	0	0
ASV756	49	0	0	0	0	0	0	0	0	0	0	0
ASV757	60	0	0	0	0	0	0	0	0	0	0	0
ASV758	0	0	0	0	0	0	0	0	0	6	0	46
ASV759	0	0	0	0	0	0	0	0	46	0	0	0
ASV760	0	0	0	0	0	0	0	0	40	0	0	0
ASV761	0	0	0	0	0	0	0	0	0	0	0	0
ASV762	0	0	0	0	0	0	0	0	0	0	0	0
ASV763	0	0	0	0	0	0	0	0	0	61	0	1
ASV764	0	0	0	0	50	0	0	0	1	0	0	0
ASV765	0	0	0	0	0	0	0	81	0	0	0	0
ASV766	54	0	0	0	0	0	0	0	0	0	0	0
ASV767	46	0	0	0	0	0	0	0	0	0	0	0
ASV768	0	0	0	0	0	0	0	0	0	0	59	0
ASV769	0	0	0	38	0	0	0	0	0	0	0	0
ASV770	0	0	0	0	36	0	0	0	0	0	0	0
ASV771	0	0	0	0	0	0	0	0	0	0	0	0
ASV772	4	0	3	0	0	0	0	0	38	1	0	0
ASV773	0	0	0	0	16	0	0	0	0	0	0	0
ASV774	0	0	0	0	0	0	19	0	0	0	0	0
ASV775	0	0	0	0	0	0	0	0	0	0	0	0
ASV776	0	0	0	0	0	0	0	0	0	0	0	0
ASV777	0	0	0	0	0	0	0	0	0	0	0	0
ASV778	47	0	0	0	0	0	0	5	0	0	0	0
ASV779	51	0	0	0	0	0	0	0	0	0	0	0
ASV780	55	0	0	0	0	0	0	0	0	0	0	0
ASV781	0	0	0	0	0	0	0	0	0	4	0	0
ASV782	0	0	0	0	0	60	0	0	0	0	0	0
ASV783	0	0	0	0	0	0	0	37	0	0	0	0
ASV784	0	0	0	0	0	0	0	0	0	0	0	0
ASV785	0	0	0	0	0	0	0	0	0	0	0	0
ASV786	45	0	0	0	0	0	0	0	0	0	0	0
ASV787	0	0	66	0	0	0	0	0	0	0	0	0
ASV788	0	0	0	0	0	0	0	0	0	0	54	0
ASV789	0	0	0	15	0	18	0	0	0	0	0	0
ASV790	0	0	0	0	0	0	0	0	0	0	0	0
ASV791	0	0	0	0	0	0	0	0	0	0	0	0
ASV792	26	0	0	0	0	0	0	0	0	0	0	0
ASV793	40	0	0	6	0	0	0	0	0	0	0	0
ASV794	0	0	58	0	0	0	0	0	0	0	0	0
ASV795	0	0	13	0	0	0	0	0	0	0	0	0
ASV796	0	0	0	0	0	0	0	0	0	0	33	0
ASV797	0	0	0	0	0	0	0	0	0	0	0	0
ASV798	0	0	0	0	0	0	0	0	0	0	0	0
ASV799	0	0	0	0	0	0	0	0	0	0	0	0
ASV800	0	0	0	0	45	0	0	0	0	0	0	0
ASV801	0	0	15	0	0	0	0	0	0	0	0	37
ASV802	0	0	1	0	0	0	0	0	0	0	0	0
ASV803	0	0	0	0	0	23	0	0	0	16	0	0
ASV804	0	0	0	0	0	0	0	0	0	1	0	0
ASV805	0	0	0	0	0	0	0	0	0	0	0	57
ASV806	0	0	0	0	15	0	0	0	0	0	0	0
ASV807	0	0	0	0	0	0	0	0	0	0	0	0
ASV808	0	0	0	0	0	0	0	0	0	0	0	0
ASV809	0	0	0	0	0	0	0	0	0	0	0	0
ASV810	55	0	0	0	0	0	0	0	0	0	0	0
ASV811	0	0	0	0	0	0	0	0	0	46	0	0
ASV812	0	0	0	0	0	0	0	0	0	0	51	0
ASV813	0	0	0	0	0	63	0	0	0	0	0	0
ASV814	0	0	0	0	0	0	60	0	0	0	0	0
ASV815	0	0	0	0	0	0	0	0	0	0	0	0
ASV816	0	0	0	0	0	0	0	0	0	0	0	0
ASV817	0	0	0	0	0	0	0	0	0	0	0	0
ASV818	0	0	0	0	0	0	0	0	0	0	0	0
ASV819	40	0	0	0	0	0	0	0	0	0	0	0
ASV820	0	0	33	0	0	17	0	0	0	11	0	0
ASV821	0	0	0	0	0	4	0	0	0	1	0	0
ASV822	0	0	0	13	0	0	0	0	0	0	0	0
ASV823	0	0	0	0	43	0	0	0	0	0	0	0
ASV824	0	0	0	0	0	55	0	0	0	0	0	0
ASV825	0	0	0	0	0	0	23	0	0	0	0	0
ASV826	0	0	0	0	0	0	61	0	0	0	0	0
ASV827	0	0	0	0	0	0	0	0	0	0	0	0
ASV828	45	0	0	0	0	0	0	0	0	0	0	0
ASV829	0	0	20	0	0	0	0	6	0	18	1	0
ASV830	0	0	20	12	21	0	0	0	0	0	0	0
ASV831	0	0	0	0	0	0	0	54	0	0	0	0
ASV832	0	0	0	0	0	0	0	0	13	0	31	0
ASV833	0	0	0	0	0	0	0	0	0	0	7	0
ASV834	0	0	0	0	42	0	0	0	0	0	0	0
ASV835	0	0	0	0	0	0	0	0	0	0	0	0
ASV836	46	0	0	0	0	0	0	0	0	0	0	0
ASV837	0	23	0	0	0	0	26	0	0	0	0	0
ASV838	0	0	51	0	0	0	0	0	0	0	0	0
ASV839	0	0	0	0	0	0	0	0	0	0	51	0
ASV840	0	0	0	0	0	59	0	0	0	0	0	0
ASV841	0	0	0	0	0	0	0	0	0	0	0	0
ASV842	0	0	0	0	0	0	0	0	0	0	0	0
ASV843	0	0	0	0	0	0	0	0	0	0	0	0
ASV844	0	0	0	0	0	0	0	0	0	0	0	0
ASV845	0	0	0	0	0	0	0	0	0	0	0	0
ASV846	0	47	0	0	0	0	0	0	0	0	0	0
ASV847	0	0	0	0	0	0	0	0	0	0	41	0
ASV848	0	0	0	9	0	0	0	0	0	0	28	0
ASV849	0	0	0	0	0	55	0	0	0	0	0	0
ASV850	0	0	0	0	0	40	0	16	0	0	0	0
ASV851	0	0	0	0	0	0	0	0	0	0	0	0
ASV852	0	0	55	0	0	0	0	0	0	0	0	0
ASV853	0	0	0	0	0	0	0	0	0	0	0	0
ASV854	0	0	0	0	0	0	0	0	0	0	0	0
ASV855	0	0	0	0	4	0	0	0	0	0	0	0
ASV856	0	0	0	0	0	0	0	0	0	0	0	0
ASV857	0	0	0	0	0	0	0	0	0	0	0	0
ASV858	0	0	0	0	0	0	0	0	0	0	0	0
ASV859	0	0	0	0	0	0	0	0	0	0	0	0
ASV860	0	0	0	0	0	0	0	0	0	0	0	0
ASV861	38	0	0	0	0	0	0	0	0	0	0	0
ASV862	0	0	0	0	0	0	0	0	0	0	0	49
ASV863	0	0	0	0	37	0	0	0	0	0	0	0
ASV864	0	0	0	0	0	52	0	0	0	0	0	0
ASV865	0	0	0	0	0	0	2	0	0	0	0	0
ASV866	0	0	0	0	0	0	0	0	0	0	0	0
ASV867	0	0	0	0	0	0	0	0	0	0	0	0
ASV868	0	0	20	0	0	0	32	0	0	0	0	0
ASV869	0	0	0	0	0	0	0	0	0	0	0	0
ASV870	0	0	0	0	0	0	0	0	0	0	0	0
ASV871	0	0	0	0	0	0	0	0	0	0	0	0
ASV872	8	0	0	0	0	0	0	0	0	0	0	0
ASV873	19	0	26	0	0	0	0	0	0	0	0	0
ASV874	39	0	0	0	0	0	0	0	0	0	0	0
ASV875	0	0	31	0	0	14	0	0	0	0	0	0
ASV876	0	0	0	0	0	0	0	0	0	0	0	0
ASV877	0	0	0	0	0	0	0	0	0	0	0	0
ASV878	0	0	0	0	0	0	0	0	0	0	0	0
ASV879	0	0	0	0	0	0	0	0	0	0	0	0
ASV880	0	0	0	0	0	0	0	0	0	0	0	0
ASV881	0	0	0	0	0	0	0	0	0	0	0	0
ASV882	0	0	0	0	0	0	0	0	0	0	0	11
ASV883	0	0	0	3	11	34	0	0	0	0	0	0
ASV884	0	0	0	1	22	0	0	0	0	0	0	0
ASV885	0	0	0	0	0	0	0	62	0	0	0	0
ASV886	0	0	0	0	0	0	0	0	0	0	0	0
ASV887	0	0	0	0	0	0	0	0	0	0	0	0
ASV888	0	0	0	0	0	0	0	0	0	41	0	0
ASV889	0	0	0	0	0	0	0	0	0	47	0	0
ASV890	0	0	0	0	0	0	0	0	0	43	0	0
ASV891	0	0	0	0	0	0	0	0	0	0	43	0
ASV892	0	0	0	0	0	0	0	0	0	0	45	0
ASV893	0	0	0	48	0	0	0	0	0	0	0	0
ASV894	0	0	0	0	0	0	0	0	26	0	0	0
ASV895	0	0	0	0	0	0	0	0	33	0	0	0
ASV896	0	0	0	0	0	0	0	0	0	0	0	0
ASV897	0	0	0	0	0	0	0	0	0	0	0	0
ASV898	0	16	0	0	0	0	0	35	0	0	0	0
ASV899	0	0	0	0	0	0	2	0	0	0	42	0
ASV900	0	0	0	0	0	0	34	0	0	0	10	0
ASV901	0	0	0	0	7	12	0	0	0	0	0	0
ASV902	0	0	0	0	0	47	0	0	0	0	0	0
ASV903	0	0	0	0	0	6	0	0	32	0	0	0
ASV904	0	0	0	0	0	0	0	0	40	0	0	0
ASV905	0	0	0	0	0	0	0	0	0	0	0	0
ASV906	0	0	0	0	0	0	0	0	0	0	0	0
ASV907	0	0	0	0	0	0	0	0	0	0	0	0
ASV908	0	0	0	0	0	0	0	0	0	0	0	0
ASV909	0	0	47	0	0	0	0	0	0	0	0	0
ASV910	0	0	0	0	0	0	0	0	0	51	0	0
ASV911	0	0	0	0	0	0	0	0	0	25	1	0
ASV912	0	0	0	0	0	0	0	0	5	0	0	33
ASV913	0	0	0	19	0	0	0	35	0	0	0	0
ASV914	0	0	0	0	2	0	0	0	0	0	0	0
ASV915	0	0	0	0	0	3	0	0	0	0	0	0
ASV916	0	0	0	0	0	0	0	0	37	0	0	0
ASV917	0	0	0	0	0	0	0	0	0	0	0	0
ASV918	0	0	0	0	0	0	0	0	0	0	0	0
ASV919	0	0	0	0	0	0	0	0	0	0	0	0
ASV920	0	0	0	0	0	0	0	0	0	0	0	0
ASV921	0	0	53	0	0	0	0	0	0	0	0	0
ASV922	0	0	0	0	0	0	0	0	0	0	46	0
ASV923	0	0	0	0	0	0	0	0	0	0	0	1
ASV924	0	0	0	0	0	52	0	0	0	0	0	0
ASV925	0	0	0	0	0	0	46	0	0	0	0	0
ASV926	0	0	0	0	0	0	0	0	0	0	0	0
ASV927	0	0	0	0	0	0	0	0	0	0	0	0
ASV928	0	0	0	0	0	0	0	0	0	0	0	0
ASV929	21	0	0	0	0	0	0	0	0	0	0	0
ASV930	0	11	17	7	9	0	0	0	0	0	0	0
ASV931	0	0	0	0	0	0	0	0	17	12	0	8
ASV932	0	0	0	0	0	0	0	0	9	0	23	0
ASV933	0	0	0	0	0	0	0	0	38	0	0	0
ASV934	0	0	0	0	0	0	0	0	32	0	0	0
ASV935	0	0	0	0	0	0	0	0	0	0	0	0
ASV936	0	0	0	0	0	0	0	0	0	0	0	0
ASV937	2	0	0	0	0	0	1	2	11	0	0	0
ASV938	0	0	0	0	0	0	0	0	0	39	0	0
ASV939	0	0	0	0	0	1	0	0	0	10	0	0
ASV940	0	0	0	1	0	0	0	0	27	0	0	0
ASV941	0	0	0	0	34	0	0	0	0	0	0	0
ASV942	0	0	0	0	0	0	0	56	0	0	0	0
ASV943	0	0	0	0	0	0	0	56	0	0	0	0
ASV944	0	0	0	0	0	0	0	0	36	0	0	0
ASV945	0	0	0	0	0	0	0	0	35	0	0	0
ASV946	0	0	0	0	0	0	0	0	0	0	0	0
ASV947	0	0	0	0	0	0	0	0	0	0	0	0
ASV948	0	0	0	0	0	0	0	0	0	0	0	0
ASV949	0	0	0	0	0	0	0	0	0	0	0	0
ASV950	36	0	0	0	0	0	0	0	0	0	0	0
ASV951	0	0	0	10	0	0	0	0	0	31	0	0
ASV952	0	0	0	24	0	0	0	0	0	0	0	0
ASV953	0	0	0	0	0	0	49	0	0	0	0	0
ASV954	0	0	0	0	0	0	0	0	25	0	0	0
ASV955	0	0	0	0	0	0	0	0	0	0	0	0
ASV956	0	0	0	0	0	0	0	0	0	0	0	0
ASV957	0	0	0	0	0	0	0	0	0	0	0	0
ASV958	0	0	0	0	0	0	0	0	0	0	0	0
ASV959	0	0	40	0	0	0	0	0	0	0	0	0
ASV960	0	0	0	0	0	0	0	0	0	0	40	0
ASV961	0	0	0	0	0	0	0	0	0	0	0	45
ASV962	0	0	0	0	33	0	0	0	0	0	0	0
ASV963	0	0	0	0	0	46	0	0	0	0	0	0
ASV964	0	0	0	0	0	25	0	0	0	0	0	0
ASV965	0	0	0	0	0	0	0	54	0	0	0	0
ASV966	0	0	0	0	0	0	0	0	0	0	0	0
ASV967	0	0	0	0	0	0	0	0	0	0	0	0
ASV968	0	0	0	0	0	0	0	0	0	0	0	0
ASV969	0	0	0	0	0	0	0	0	0	0	0	0
ASV970	0	0	0	0	0	0	0	0	0	0	0	0
ASV971	34	0	0	0	0	0	0	0	0	0	0	0
ASV972	0	31	0	0	0	0	0	0	0	0	0	0
ASV973	0	0	0	0	17	0	0	0	0	0	0	22
ASV974	0	0	0	0	0	0	0	53	0	0	0	0
ASV975	0	0	0	0	0	0	0	0	0	0	0	0
ASV976	0	0	0	0	0	0	0	0	0	0	0	0
ASV977	0	0	0	0	0	0	0	0	0	0	0	0
ASV978	0	0	37	0	0	0	0	0	0	0	0	0
ASV979	0	0	41	0	0	0	0	0	0	0	0	0
ASV980	0	0	0	35	0	0	0	0	0	0	0	0
ASV981	0	0	0	0	0	41	0	0	0	0	0	0
ASV982	0	0	0	0	0	0	47	0	0	0	0	0
ASV983	0	0	0	0	0	0	6	0	0	0	0	0
ASV984	0	0	0	0	0	0	0	0	0	0	0	0
ASV985	0	0	0	0	0	0	0	0	0	0	0	0
ASV986	0	0	0	0	0	0	0	0	0	0	0	0
ASV987	0	0	0	0	0	0	0	0	0	0	0	0
ASV988	0	0	0	0	0	0	0	0	0	0	0	0
ASV989	0	0	0	0	0	0	0	0	0	0	0	0
ASV990	0	0	0	0	0	0	0	0	0	0	0	0
ASV991	0	0	34	0	1	0	0	0	0	0	0	0
ASV992	17	0	0	0	0	0	0	0	0	0	0	0
ASV993	2	0	0	0	0	0	0	0	0	0	0	40
ASV994	30	0	0	0	0	0	0	0	0	0	0	0
ASV995	0	0	0	0	0	0	0	0	0	0	5	0
ASV996	0	0	0	17	0	0	0	0	0	0	0	0
ASV997	0	0	0	0	35	0	0	0	0	0	0	0
ASV998	0	0	0	0	0	15	0	0	18	0	0	0
ASV999	0	0	0	0	0	0	0	51	0	0	0	0
ASV1000	0	0	0	0	0	0	0	0	0	0	0	0
ASV1001	0	0	0	0	0	0	0	0	0	0	0	0
ASV1002	0	0	0	0	0	0	0	0	0	0	0	0
ASV1003	0	0	0	0	0	0	0	0	0	0	0	0
ASV1004	0	0	0	0	0	0	0	0	0	0	0	0
ASV1005	0	0	0	0	0	0	0	0	0	35	0	0
ASV1006	0	0	0	0	0	0	0	0	0	0	32	0
ASV1007	0	0	0	0	0	0	0	0	0	0	0	43
ASV1008	0	0	0	33	0	0	0	0	0	0	0	0
ASV1009	0	0	0	0	0	0	0	0	15	0	0	0
ASV1010	0	0	0	0	0	0	0	0	0	0	0	0
ASV1011	0	0	0	0	0	0	0	0	0	0	0	0
ASV1012	0	0	0	0	0	0	0	0	0	0	0	0
ASV1013	0	0	0	0	0	0	0	0	0	0	0	0
ASV1014	0	0	0	0	0	0	0	0	0	0	0	0
ASV1015	0	0	0	0	0	0	0	0	0	0	0	0
ASV1016	0	0	0	0	0	0	0	0	0	0	0	0
ASV1017	0	0	0	0	0	0	0	0	0	0	0	0
ASV1018	0	0	0	0	0	0	0	0	0	0	0	0
ASV1019	0	0	35	0	0	0	0	0	0	0	0	0
ASV1020	0	0	0	0	13	19	0	0	0	0	0	0
ASV1021	0	0	0	0	0	0	41	0	0	0	0	0
ASV1022	0	0	0	0	0	0	0	0	1	0	0	0
ASV1023	0	0	0	0	0	0	0	0	0	0	0	0
ASV1024	0	0	0	0	0	0	0	0	0	0	0	0
ASV1025	0	0	0	0	0	0	0	0	0	0	0	0
ASV1026	0	0	0	0	0	0	0	0	0	0	0	0
ASV1027	0	0	0	0	0	0	0	0	0	0	0	0
ASV1028	0	1	17	1	0	0	18	0	0	1	0	0
ASV1029	0	0	39	0	0	0	0	0	0	0	0	0
ASV1030	0	0	0	0	0	0	0	0	0	1	0	0
ASV1031	0	0	0	0	1	0	0	1	0	0	0	0
ASV1032	0	0	0	0	0	39	0	0	0	0	0	0
ASV1033	0	0	0	0	0	0	0	48	0	0	0	0
ASV1034	0	0	0	0	0	0	0	0	28	0	0	0
ASV1035	0	0	0	0	0	0	0	0	0	0	0	0
ASV1036	0	0	0	0	0	0	0	0	0	0	0	0
ASV1037	0	0	0	0	0	0	0	0	0	0	0	0
ASV1038	0	0	0	0	0	0	0	0	0	0	0	0
ASV1039	0	0	0	0	0	0	0	0	0	0	0	0
ASV1040	27	0	0	0	0	0	0	0	0	0	0	0
ASV1041	0	0	41	0	0	0	0	0	0	0	0	0
ASV1042	0	0	37	0	0	0	0	0	0	0	0	0
ASV1043	0	0	0	0	0	0	0	0	0	24	0	0
ASV1044	0	0	0	0	0	0	0	0	0	0	36	0
ASV1045	0	0	0	0	0	0	0	0	0	0	0	38
ASV1046	0	0	0	0	0	0	0	0	25	0	0	0
ASV1047	0	0	0	0	0	0	0	0	0	0	0	0
ASV1048	0	0	0	0	0	0	0	0	0	0	0	0
ASV1049	0	0	0	0	0	0	0	0	0	0	0	0
ASV1050	0	0	0	0	0	0	0	0	0	0	0	0
ASV1051	1	0	0	0	28	1	0	0	0	0	0	0
ASV1052	1	0	0	0	35	0	0	0	0	0	0	0
ASV1053	4	0	0	0	0	0	0	14	0	0	0	0
ASV1054	0	0	0	0	0	0	0	14	0	9	0	0
ASV1055	0	0	0	0	0	0	0	0	0	0	32	0
ASV1056	0	0	0	0	0	0	0	0	0	0	0	41
ASV1057	0	0	0	0	28	0	0	0	0	0	0	0
ASV1058	0	0	0	0	0	0	0	46	0	0	0	0
ASV1059	0	0	0	0	0	0	0	0	0	0	0	0
ASV1060	0	0	0	0	0	0	0	0	0	0	0	0
ASV1061	0	0	0	0	0	0	0	0	0	0	0	0
ASV1062	0	0	0	0	0	0	0	0	0	0	0	0
ASV1063	0	0	0	0	0	0	0	0	0	0	0	0
ASV1064	0	0	34	0	0	0	0	0	0	0	0	0
ASV1065	0	0	0	27	0	0	0	0	0	0	0	0
ASV1066	0	0	0	0	28	0	0	0	0	0	0	0
ASV1067	0	0	0	0	0	1	0	44	0	0	0	0
ASV1068	0	0	0	0	0	0	3	0	0	0	0	0
ASV1069	0	0	0	0	0	0	0	45	0	0	0	0
ASV1070	0	0	0	0	0	0	0	0	21	0	0	0
ASV1071	0	0	0	0	0	0	0	0	0	0	0	0
ASV1072	0	0	0	0	0	0	0	0	0	0	0	0
ASV1073	0	0	0	0	0	0	0	0	0	0	0	0
ASV1074	0	0	0	0	0	0	0	0	0	0	0	0
ASV1075	0	0	0	0	0	0	0	0	0	0	0	0
ASV1076	0	0	0	0	0	0	0	0	0	0	0	0
ASV1077	0	0	0	0	0	0	0	0	0	0	0	0
ASV1078	0	0	15	0	0	0	0	0	0	0	0	0
ASV1079	0	0	38	0	0	0	0	0	0	0	0	0
ASV1080	0	0	39	0	0	0	0	0	0	0	0	0
ASV1081	0	0	0	0	27	0	0	0	0	0	0	0
ASV1082	0	0	0	0	0	0	0	0	21	0	0	0
ASV1083	0	0	0	0	0	0	0	0	28	0	0	0
ASV1084	0	0	0	0	0	0	0	0	0	0	0	0
ASV1085	0	0	0	0	0	0	0	0	0	0	0	0
ASV1086	0	0	0	0	0	0	0	0	0	0	27	0
ASV1087	0	0	0	0	0	0	36	0	0	0	0	0
ASV1088	0	0	0	0	0	0	0	3	0	0	0	0
ASV1089	0	0	0	0	0	0	0	0	12	0	0	0
ASV1090	0	0	0	0	0	0	0	0	0	0	0	0
ASV1091	0	0	0	0	0	0	0	0	0	0	0	0
ASV1092	0	0	0	0	0	0	0	0	0	0	0	0
ASV1093	0	0	0	0	0	0	0	0	0	0	0	0
ASV1094	0	0	0	0	0	0	0	0	0	0	0	0
ASV1095	0	0	0	0	0	0	0	0	0	0	0	0
ASV1096	0	0	0	0	0	0	0	0	0	0	0	0
ASV1097	0	0	0	0	0	0	0	0	0	0	0	0
ASV1098	31	0	0	0	0	0	0	0	0	0	0	0
ASV1099	0	26	0	0	0	0	0	0	0	0	0	0
ASV1100	0	1	0	0	23	0	0	0	0	0	0	0
ASV1101	0	6	0	0	5	0	0	0	0	0	0	0
ASV1102	0	30	0	0	0	0	0	0	0	0	0	0
ASV1103	0	0	1	0	0	0	0	0	0	0	0	0
ASV1104	0	0	35	0	0	0	0	0	0	0	0	0
ASV1105	0	0	33	0	0	0	0	0	0	0	0	0
ASV1106	0	0	0	5	0	0	0	0	20	0	0	0
ASV1107	0	0	0	0	0	0	0	3	0	0	0	0
ASV1108	0	0	0	0	0	0	0	0	0	0	0	0
ASV1109	0	0	0	0	0	0	0	0	0	0	0	0
ASV1110	0	0	0	0	0	0	0	0	0	0	0	0
ASV1111	0	0	0	0	0	0	0	0	0	0	0	0
ASV1112	29	0	0	0	0	0	0	0	0	0	0	0
ASV1113	0	0	0	0	0	0	0	0	0	0	29	0
ASV1114	0	0	0	0	27	0	0	0	0	0	0	0
ASV1115	0	0	0	0	23	0	0	0	0	0	0	0
ASV1116	0	0	0	0	27	0	0	0	0	0	0	0
ASV1117	0	0	0	0	0	36	0	0	0	0	0	0
ASV1118	0	0	0	0	0	28	0	0	0	0	0	0
ASV1119	0	0	0	0	0	0	0	0	24	0	0	0
ASV1120	0	0	0	0	0	0	0	0	0	0	0	0
ASV1121	0	0	0	0	0	0	0	0	0	0	0	0
ASV1122	0	0	0	0	0	0	0	0	0	0	0	0
ASV1123	0	0	0	0	0	0	0	0	0	0	0	0
ASV1124	0	0	0	0	0	0	0	0	0	0	0	0
ASV1125	16	0	14	0	0	0	0	0	0	0	0	0
ASV1126	27	0	0	0	0	0	0	0	0	0	0	0
ASV1127	21	0	0	0	0	0	0	0	0	0	0	0
ASV1128	0	24	0	0	0	0	0	0	0	0	0	0
ASV1129	0	0	0	0	0	0	0	0	0	25	0	0
ASV1130	0	0	0	0	0	0	0	0	0	25	0	0
ASV1131	0	0	0	0	27	0	0	0	0	0	0	0
ASV1132	0	0	0	0	0	0	0	0	0	0	0	0
ASV1133	0	0	0	0	0	0	35	0	0	0	0	0
ASV1134	0	0	0	0	0	0	0	0	0	0	0	0
ASV1135	0	0	0	0	0	0	0	0	0	0	0	0
ASV1136	0	0	0	0	0	0	0	0	0	0	0	0
ASV1137	0	0	0	0	0	0	0	0	0	0	0	0
ASV1138	0	0	0	0	0	0	0	0	0	0	0	0
ASV1139	0	0	0	0	0	0	0	0	0	0	0	0
ASV1140	0	0	0	0	0	0	0	0	0	18	0	0
ASV1141	0	0	0	0	0	0	0	0	0	30	0	0
ASV1142	0	0	0	0	0	0	0	0	0	3	3	0
ASV1143	0	0	0	0	0	0	0	0	0	0	21	0
ASV1144	0	0	0	0	0	0	0	0	0	0	29	0
ASV1145	0	0	0	0	0	0	0	0	0	0	29	0
ASV1146	0	0	0	0	0	0	0	0	0	0	0	33
ASV1147	0	0	0	0	2	0	0	0	0	0	0	0
ASV1148	0	0	0	0	0	0	0	39	0	0	0	0
ASV1149	0	0	0	0	0	0	0	0	0	0	0	0
ASV1150	0	0	0	0	0	0	0	0	0	0	0	0
ASV1151	0	0	0	0	0	0	0	0	0	0	0	0
ASV1152	0	0	0	0	0	0	0	0	0	0	0	0
ASV1153	0	0	0	0	0	0	0	0	0	0	0	0
ASV1154	0	0	0	0	0	0	0	0	0	0	0	0
ASV1155	0	0	0	0	0	0	0	0	0	0	0	0
ASV1156	0	0	0	0	0	0	0	0	0	0	0	0
ASV1157	0	0	0	0	0	0	0	0	0	0	0	0
ASV1158	0	0	0	0	0	0	0	0	0	0	0	0
ASV1159	0	0	0	0	0	0	0	0	0	0	0	0
ASV1160	26	0	0	0	0	0	0	0	0	0	0	0
ASV1161	0	0	0	0	0	0	0	0	0	29	0	0
ASV1162	0	0	0	0	0	0	0	0	0	0	30	0
ASV1163	0	0	0	0	0	0	35	0	0	0	0	0
ASV1164	0	0	0	0	0	0	0	0	0	0	0	0
ASV1165	0	0	0	0	0	0	0	0	0	0	0	0
ASV1166	0	0	0	0	0	0	0	0	0	0	0	0
ASV1167	0	0	0	0	0	0	0	0	0	0	0	0
ASV1168	0	0	0	0	0	0	0	0	0	0	0	0
ASV1169	0	0	0	0	0	0	0	0	0	0	0	0
ASV1170	0	0	0	0	0	0	0	0	0	0	0	0
ASV1171	0	0	0	0	0	0	0	0	0	0	0	0
ASV1172	0	0	0	0	0	0	0	0	0	0	0	0
ASV1173	0	23	0	0	0	0	0	0	0	0	0	0
ASV1174	0	0	0	0	0	0	30	0	0	1	0	0
ASV1175	0	0	0	0	0	0	0	0	0	0	27	0
ASV1176	0	0	0	0	0	0	0	0	0	0	22	0
ASV1177	0	0	0	0	0	0	0	0	0	0	28	0
ASV1178	0	0	0	0	0	0	0	0	0	0	23	0
ASV1179	0	0	0	0	0	0	0	0	0	0	20	0
ASV1180	0	0	0	0	0	0	0	0	0	0	22	0
ASV1181	0	0	0	0	15	0	0	0	0	0	0	0
ASV1182	0	0	0	0	0	34	0	0	0	0	0	0
ASV1183	0	0	0	0	0	0	0	0	22	0	0	0
ASV1184	0	0	0	0	0	0	0	0	0	0	0	0
ASV1185	0	0	0	0	0	0	0	0	0	0	0	0
ASV1186	0	0	0	0	0	0	0	0	0	0	0	0
ASV1187	0	0	0	0	0	0	0	0	0	0	0	0
ASV1188	0	0	0	0	0	0	0	0	0	0	0	0
ASV1189	0	0	0	0	0	0	0	0	0	0	0	0
ASV1190	0	0	0	0	0	0	0	0	0	0	0	0
ASV1191	0	0	0	0	0	0	0	0	0	0	0	0
ASV1192	0	0	0	0	0	0	0	0	0	0	0	0
ASV1193	0	0	0	0	0	0	0	0	0	0	0	0
ASV1194	0	0	0	0	0	0	0	0	0	0	0	0
ASV1195	24	0	0	3	0	0	0	0	0	0	0	0
ASV1196	0	0	1	0	0	0	0	0	0	0	0	28
ASV1197	0	0	8	0	0	0	0	0	0	0	0	0
ASV1198	0	0	0	0	0	0	0	0	0	15	0	0
ASV1199	0	0	0	0	0	0	0	0	0	0	24	0
ASV1200	0	0	0	0	19	0	0	0	0	0	0	0
ASV1201	0	0	0	0	21	0	0	0	0	0	0	0
ASV1202	0	0	0	0	10	0	0	0	0	0	0	0
ASV1203	0	0	0	0	0	0	0	8	0	0	0	0
ASV1204	0	0	0	0	0	0	0	0	0	0	0	0
ASV1205	0	0	0	0	0	0	0	0	0	0	0	0
ASV1206	0	0	0	0	0	0	0	0	0	0	0	0
ASV1207	0	0	0	0	0	0	0	0	0	0	0	0
ASV1208	0	0	0	0	0	0	0	0	0	0	0	0
ASV1209	0	0	0	0	0	0	0	0	0	0	0	0
ASV1210	0	0	0	0	0	0	0	0	0	0	0	0
ASV1211	0	0	0	0	0	0	0	0	0	0	0	0
ASV1212	0	0	0	0	0	0	0	0	0	0	0	0
ASV1213	18	0	0	0	0	0	0	0	0	0	0	0
ASV1214	25	0	0	0	0	0	0	0	0	0	0	0
ASV1215	0	0	32	0	0	0	0	0	0	0	0	0
ASV1216	0	0	0	0	0	0	0	0	0	23	0	0
ASV1217	0	0	0	0	0	0	0	0	0	23	0	0
ASV1218	0	0	0	0	0	0	0	0	4	15	0	0
ASV1219	0	0	0	0	0	0	0	0	0	0	28	0
ASV1220	0	0	0	0	22	0	0	0	0	0	0	0
ASV1221	0	0	0	0	26	0	0	0	0	0	0	0
ASV1222	0	0	0	0	20	0	0	0	0	0	0	0
ASV1223	0	0	0	0	0	25	0	0	0	0	0	0
ASV1224	0	0	0	0	0	29	0	0	0	0	0	0
ASV1225	0	0	0	0	0	30	0	0	0	0	0	0
ASV1226	0	0	0	0	0	0	0	35	0	0	0	0
ASV1227	0	0	0	0	0	0	0	0	23	0	0	0
ASV1228	0	0	0	0	0	0	0	0	22	0	0	0
ASV1229	0	0	0	0	0	0	0	0	24	0	0	0
ASV1230	0	0	0	0	0	0	0	0	0	0	0	0
ASV1231	0	0	0	0	0	0	0	0	0	0	0	0
ASV1232	0	0	0	0	0	0	0	0	0	0	0	0
ASV1233	0	0	0	0	0	0	0	0	0	0	0	0
ASV1234	0	0	0	0	0	0	0	0	0	0	0	0
ASV1235	0	0	0	0	0	0	0	0	0	0	0	0
ASV1236	0	0	0	0	0	0	0	0	0	0	0	0
ASV1237	0	0	0	0	0	0	0	0	0	0	0	0
ASV1238	0	0	0	0	0	0	0	0	0	0	0	0
ASV1239	0	0	0	0	0	0	0	0	0	0	0	0
ASV1240	0	0	0	0	0	0	0	0	0	0	0	0
ASV1241	0	0	0	0	0	0	0	0	0	0	0	0
ASV1242	0	15	7	0	0	0	0	0	0	0	0	0
ASV1243	0	21	0	0	0	0	0	0	0	0	0	0
ASV1244	0	0	24	0	0	0	0	0	0	0	0	0
ASV1245	0	0	0	0	0	0	0	0	0	22	0	0
ASV1246	0	0	0	0	9	0	0	0	0	0	14	0
ASV1247	0	0	0	0	0	0	0	0	0	0	1	0
ASV1248	0	0	0	22	0	0	0	0	0	0	0	0
ASV1249	0	0	0	0	23	0	0	0	0	0	0	0
ASV1250	0	0	0	0	0	25	0	0	0	0	0	0
ASV1251	0	0	0	0	0	0	31	0	0	0	0	0
ASV1252	0	0	0	0	0	0	0	0	0	0	0	0
ASV1253	0	0	0	0	0	0	0	0	0	0	0	0
ASV1254	0	0	0	0	0	0	0	0	0	0	0	0
ASV1255	0	0	0	0	0	0	0	0	0	0	0	0
ASV1256	0	0	0	0	0	0	0	0	0	0	0	0
ASV1257	0	0	0	0	0	0	0	0	0	0	0	0
ASV1258	0	0	0	0	0	0	0	0	0	0	0	0
ASV1259	0	0	0	0	0	0	0	0	0	0	0	0
ASV1260	0	0	0	0	0	0	0	0	0	0	0	0
ASV1261	0	0	0	0	0	0	0	0	0	0	0	0
ASV1262	25	0	0	0	0	0	0	0	0	0	0	0
ASV1263	25	0	0	0	0	0	0	0	0	0	0	0
ASV1264	0	0	0	0	19	0	0	0	1	0	0	0
ASV1265	0	19	0	0	0	0	0	0	0	0	0	0
ASV1266	0	0	0	0	0	0	0	0	0	0	22	0
ASV1267	0	0	0	0	0	0	0	0	0	0	21	0
ASV1268	0	0	0	4	0	0	0	0	0	0	0	0
ASV1269	0	0	0	0	19	0	0	0	0	0	0	0
ASV1270	0	0	0	0	22	0	0	0	0	0	0	0
ASV1271	0	0	0	0	0	30	0	0	0	0	0	0
ASV1272	0	0	0	0	0	0	31	0	0	0	0	0
ASV1273	0	0	0	0	0	0	26	0	0	0	0	0
ASV1274	0	0	0	0	0	0	0	33	0	0	0	0
ASV1275	0	0	0	0	0	0	0	0	16	0	0	0
ASV1276	0	0	0	0	0	0	0	0	0	0	0	0
ASV1277	0	0	0	0	0	0	0	0	0	0	0	0
ASV1278	0	0	0	0	0	0	0	0	0	0	0	0
ASV1279	0	0	0	0	0	0	0	0	0	0	0	0
ASV1280	0	0	0	0	0	0	0	0	0	0	0	0
ASV1281	0	0	0	0	0	0	0	0	0	0	0	0
ASV1282	0	0	0	0	0	0	0	0	0	0	0	0
ASV1283	0	0	0	0	0	0	0	0	0	0	0	0
ASV1284	0	0	0	0	0	0	0	0	0	0	0	0
ASV1285	0	0	0	0	0	0	0	2	0	2	0	0
ASV1286	21	0	0	0	0	0	0	0	0	0	0	0
ASV1287	6	0	0	0	15	0	0	0	0	0	0	0
ASV1288	0	9	0	0	0	0	0	0	0	0	0	0
ASV1289	0	0	28	0	0	0	0	0	0	0	0	0
ASV1290	0	0	28	0	0	0	0	0	0	0	0	0
ASV1291	0	0	0	0	0	0	0	0	0	20	0	0
ASV1292	0	0	0	0	0	0	0	0	0	0	0	25
ASV1293	0	0	0	0	0	0	0	0	0	0	0	27
ASV1294	0	0	0	2	0	0	0	0	0	0	0	0
ASV1295	0	0	0	22	0	0	0	0	0	0	0	0
ASV1296	0	0	0	0	0	0	10	16	2	0	0	0
ASV1297	0	0	0	0	0	0	30	0	0	0	0	0
ASV1298	0	0	0	0	0	0	0	32	0	0	0	0
ASV1299	0	0	0	0	0	0	0	0	16	0	0	0
ASV1300	0	0	0	0	0	0	0	0	21	0	0	0
ASV1301	0	0	0	0	0	0	0	0	0	0	0	0
ASV1302	0	0	0	0	0	0	0	0	0	0	0	0
ASV1303	0	0	0	0	0	0	0	0	0	0	0	0
ASV1304	0	0	0	0	0	0	0	0	0	0	0	0
ASV1305	0	0	0	0	0	0	0	0	0	0	0	0
ASV1306	0	0	0	0	0	0	0	0	0	0	0	0
ASV1307	0	0	0	0	0	0	0	0	0	0	0	0
ASV1308	0	0	0	0	0	0	0	0	0	0	0	0
ASV1309	0	0	0	0	0	0	0	0	0	0	0	0
ASV1310	0	0	0	0	0	0	0	0	0	0	0	0
ASV1311	0	0	0	0	0	0	0	0	0	0	0	0
ASV1312	0	0	0	0	0	0	0	0	0	0	0	0
ASV1313	0	0	0	0	0	0	0	0	0	0	0	0
ASV1314	0	0	0	0	0	0	0	0	0	0	0	0
ASV1315	0	0	0	0	0	0	0	0	0	0	0	0
ASV1316	0	0	0	0	0	0	0	0	0	0	0	0
ASV1317	0	0	0	0	0	0	0	0	0	0	0	0
ASV1318	17	0	0	0	2	0	0	0	0	0	0	0
ASV1319	21	0	0	0	0	0	0	0	0	0	0	0
ASV1320	0	18	0	0	0	0	0	0	0	0	0	0
ASV1321	0	0	22	0	0	0	0	0	0	0	0	0
ASV1322	0	0	0	0	0	0	0	0	0	23	0	0
ASV1323	0	0	0	0	0	0	0	0	0	0	22	0
ASV1324	0	0	0	0	0	0	0	0	0	0	22	0
ASV1325	0	0	0	0	0	0	0	0	0	0	21	0
ASV1326	0	0	0	0	0	23	0	0	0	0	0	0
ASV1327	0	0	0	0	0	22	0	0	0	0	0	0
ASV1328	0	0	0	0	0	0	0	10	16	0	0	0
ASV1329	0	0	0	0	0	0	0	0	11	0	0	0
ASV1330	0	0	0	0	0	0	0	0	0	0	0	0
ASV1331	0	0	0	0	0	0	0	0	0	0	0	0
ASV1332	0	0	0	0	0	0	0	0	0	0	0	0
ASV1333	0	0	0	0	0	0	0	0	0	0	0	0
ASV1334	0	0	0	0	0	0	0	0	0	0	0	0
ASV1335	0	0	0	0	0	0	0	0	0	0	0	0
ASV1336	22	0	0	0	0	0	0	0	0	0	0	0
ASV1337	13	0	0	0	0	0	0	0	0	0	0	0
ASV1338	0	1	0	1	4	0	0	0	0	0	0	0
ASV1339	0	0	5	0	0	0	0	0	0	0	0	0
ASV1340	0	0	0	0	0	0	0	0	0	21	0	0
ASV1341	0	0	0	0	0	0	0	0	0	0	25	0
ASV1342	0	0	0	0	0	0	0	0	0	0	22	0
ASV1343	0	0	0	0	0	0	0	0	0	0	21	0
ASV1344	0	0	0	0	5	0	0	0	2	0	1	0
ASV1345	0	0	0	0	0	0	0	0	0	0	0	26
ASV1346	0	0	0	19	0	0	0	0	0	0	0	0
ASV1347	0	0	0	0	0	20	0	0	0	0	0	0
ASV1348	0	0	0	0	0	0	27	0	0	0	0	0
ASV1349	0	0	0	0	0	0	22	0	0	0	0	0
ASV1350	0	0	0	0	0	0	0	30	0	0	0	0
ASV1351	0	0	0	0	0	0	0	0	14	0	0	0
ASV1352	0	0	0	0	0	0	0	0	18	0	0	0
ASV1353	0	0	0	0	0	0	0	0	0	0	0	0
ASV1354	0	0	0	0	0	0	0	0	0	0	0	0
ASV1355	0	0	0	0	0	0	0	0	0	0	0	0
ASV1356	0	0	0	0	0	0	0	0	0	0	0	0
ASV1357	0	0	0	0	0	0	0	0	0	0	0	0
ASV1358	0	0	0	0	0	0	0	0	0	0	0	0
ASV1359	0	0	0	0	0	0	0	0	0	0	0	0
ASV1360	0	0	0	0	0	0	0	0	0	0	0	0
ASV1361	0	0	0	0	0	0	0	0	0	0	0	0
ASV1362	0	0	0	0	0	0	0	0	0	0	0	0
ASV1363	0	0	0	0	0	0	0	0	0	0	0	0
ASV1364	0	21	0	0	0	0	0	0	0	0	0	0
ASV1365	0	0	21	0	0	0	0	0	0	0	0	1
ASV1366	0	0	1	6	0	15	0	0	0	0	0	0
ASV1367	0	0	0	0	0	0	0	0	0	19	0	0
ASV1368	0	0	0	0	0	0	0	0	0	20	0	0
ASV1369	0	0	0	0	0	0	0	0	0	0	22	0
ASV1370	0	0	0	0	0	0	0	0	0	0	20	0
ASV1371	0	0	0	0	0	0	0	0	0	0	19	0
ASV1372	0	0	0	0	0	0	0	0	0	0	16	0
ASV1373	0	0	0	0	0	0	0	0	0	0	0	22
ASV1374	0	0	0	0	21	0	0	0	0	0	0	0
ASV1375	0	0	0	0	16	0	0	0	0	0	0	0
ASV1376	0	0	0	0	1	0	0	0	0	0	0	0
ASV1377	0	0	0	0	0	0	0	29	0	0	0	0
ASV1378	0	0	0	0	0	0	0	0	1	0	0	0
ASV1379	0	0	0	0	0	0	0	0	0	0	0	0
ASV1380	0	0	0	0	0	0	0	0	0	0	0	0
ASV1381	0	0	0	0	0	0	0	0	0	0	0	0
ASV1382	0	0	0	0	0	0	0	0	0	0	0	0
ASV1383	0	0	0	0	0	0	0	0	0	0	0	0
ASV1384	0	0	0	0	0	0	0	0	0	0	0	0
ASV1385	0	0	0	0	0	0	0	0	0	0	0	0
ASV1386	0	0	0	0	0	0	0	0	0	0	0	0
ASV1387	0	0	0	0	0	0	0	0	0	0	0	0
ASV1388	0	0	0	0	0	0	0	0	0	0	0	0
ASV1389	0	0	0	0	0	0	0	0	0	0	0	0
ASV1390	7	0	0	0	2	0	0	0	1	11	0	0
ASV1391	0	1	0	0	0	0	0	0	0	19	0	0
ASV1392	0	4	0	0	0	0	0	0	11	0	0	0
ASV1393	0	0	10	0	0	0	0	3	0	0	0	0
ASV1394	0	0	0	0	0	0	0	0	3	8	0	0
ASV1395	0	0	0	0	0	0	0	0	0	0	20	0
ASV1396	0	0	0	0	0	0	0	0	0	0	21	0
ASV1397	0	0	0	0	0	0	0	0	0	0	0	19
ASV1398	0	0	0	0	0	0	0	0	0	0	0	0
ASV1399	0	0	0	0	14	0	0	0	0	0	0	0
ASV1400	0	0	0	0	23	0	0	0	0	0	0	0
ASV1401	0	0	0	0	15	0	0	0	0	0	0	0
ASV1402	0	0	0	0	20	0	0	0	0	0	0	0
ASV1403	0	0	0	0	0	0	9	0	0	0	0	0
ASV1404	0	0	0	0	0	0	0	1	0	0	0	0
ASV1405	0	0	0	0	0	0	0	28	0	0	0	0
ASV1406	0	0	0	0	0	0	0	0	16	0	0	0
ASV1407	0	0	0	0	0	0	0	0	0	0	0	0
ASV1408	0	0	0	0	0	0	0	0	0	0	0	0
ASV1409	0	0	0	0	0	0	0	0	0	0	0	0
ASV1410	0	0	0	0	0	0	0	0	0	0	0	0
ASV1411	0	0	0	0	0	0	0	0	0	0	0	0
ASV1412	0	0	0	0	0	0	0	0	0	0	0	0
ASV1413	0	0	0	0	0	0	0	0	0	0	0	0
ASV1414	0	0	0	0	0	0	0	0	0	0	0	0
ASV1415	0	0	0	0	0	0	0	0	0	0	0	0
ASV1416	0	0	0	0	0	0	0	0	0	0	0	0
ASV1417	23	0	0	0	0	0	0	0	0	0	0	0
ASV1418	0	0	23	0	0	0	0	0	0	0	0	0
ASV1419	0	0	22	0	0	0	0	0	0	0	0	0
ASV1420	0	0	0	0	0	3	0	0	0	14	0	0
ASV1421	0	0	0	0	0	0	0	0	0	1	0	0
ASV1422	0	0	0	0	0	0	0	0	0	0	20	0
ASV1423	0	0	0	0	0	0	0	0	0	0	0	24
ASV1424	0	0	0	19	0	0	0	0	0	0	0	0
ASV1425	0	0	0	19	0	0	0	0	0	0	0	0
ASV1426	0	0	0	0	14	0	0	0	0	0	0	0
ASV1427	0	0	0	0	2	0	0	0	0	0	0	0
ASV1428	0	0	0	0	0	23	0	0	0	0	0	0
ASV1429	0	0	0	0	0	0	25	0	0	0	0	0
ASV1430	0	0	0	0	0	0	0	27	0	0	0	0
ASV1431	0	0	0	0	0	0	0	15	0	0	0	0
ASV1432	0	0	0	0	0	0	0	0	15	0	0	0
ASV1433	0	0	0	0	0	0	0	0	16	0	0	0
ASV1434	0	0	0	0	0	0	0	0	14	0	0	0
ASV1435	0	0	0	0	0	0	0	0	0	0	0	0
ASV1436	0	0	0	0	0	0	0	0	0	0	0	0
ASV1437	0	0	0	0	0	0	0	0	0	0	0	0
ASV1438	0	0	0	0	0	0	0	0	0	0	0	0
ASV1439	0	0	0	0	0	0	0	0	0	0	0	0
ASV1440	0	0	0	0	0	0	0	0	0	0	0	0
ASV1441	0	0	0	0	0	0	0	0	0	0	0	0
ASV1442	0	0	0	0	0	0	0	0	0	0	0	0
ASV1443	0	0	0	0	0	0	0	0	0	0	0	0
ASV1444	0	0	0	0	0	0	0	0	0	0	0	0
ASV1445	0	0	0	0	0	0	0	0	0	0	0	0
ASV1446	0	0	0	0	0	0	0	0	0	0	0	0
ASV1447	0	0	0	0	0	0	0	0	0	0	0	0
ASV1448	0	0	0	0	0	0	0	0	0	0	0	0
ASV1449	0	0	0	0	0	0	0	0	0	0	0	0
ASV1450	0	0	4	0	0	0	0	0	10	0	0	0
ASV1451	0	0	0	0	0	0	0	0	0	14	0	0
ASV1452	0	0	0	0	0	0	0	0	0	0	17	0
ASV1453	0	0	0	0	0	0	0	0	0	0	22	0
ASV1454	0	0	0	0	0	0	0	0	0	0	18	0
ASV1455	0	0	0	0	0	0	0	0	0	0	21	0
ASV1456	0	0	0	0	0	21	0	0	0	0	0	0
ASV1457	0	0	0	10	0	0	0	0	0	0	0	0
ASV1458	0	0	0	0	0	0	0	0	0	0	0	0
ASV1459	0	0	0	0	18	0	0	0	0	0	0	0
ASV1460	0	0	0	0	1	0	0	0	12	0	0	0
ASV1461	0	0	0	0	0	19	0	0	0	0	0	0
ASV1462	0	0	0	0	0	1	0	0	0	0	0	0
ASV1463	0	0	0	0	0	0	0	18	0	0	0	0
ASV1464	0	0	0	0	0	0	0	0	0	0	0	0
ASV1465	0	0	0	0	0	0	0	0	0	0	0	0
ASV1466	0	0	0	0	0	0	0	0	0	0	0	0
ASV1467	0	0	0	0	0	0	0	0	0	0	0	0
ASV1468	0	0	0	0	0	0	0	0	0	0	0	0
ASV1469	0	0	0	0	0	0	0	0	0	0	0	0
ASV1470	0	0	0	0	0	0	0	0	0	0	0	0
ASV1471	0	0	0	0	0	0	0	0	0	0	0	0
ASV1472	0	0	0	0	0	0	0	0	0	0	0	0
ASV1473	0	0	0	0	0	0	0	0	0	0	0	0
ASV1474	0	0	0	0	0	0	0	0	0	0	0	0
ASV1475	0	0	0	0	0	0	0	0	0	0	0	0
ASV1476	0	0	0	0	0	0	0	0	0	0	0	0
ASV1477	0	0	0	0	0	0	0	0	0	0	0	0
ASV1478	0	0	0	0	0	0	0	0	0	0	0	0
ASV1479	0	0	1	0	0	0	0	0	0	3	0	2
ASV1480	0	0	23	0	0	0	0	0	0	0	0	0
ASV1481	0	0	0	0	0	0	0	0	0	18	0	0
ASV1482	0	0	0	0	0	0	0	0	0	0	19	0
ASV1483	0	0	0	0	0	0	0	0	0	0	16	0
ASV1484	0	0	0	0	0	0	0	0	0	0	17	0
ASV1485	0	0	0	0	0	0	0	0	0	0	20	0
ASV1486	0	0	0	0	0	0	0	0	0	0	0	21
ASV1487	0	0	0	0	0	0	1	0	0	0	0	22
ASV1488	0	0	0	0	15	0	0	0	0	0	0	0
ASV1489	0	0	0	0	0	21	0	0	0	0	0	0
ASV1490	0	0	0	0	0	0	0	25	0	0	0	0
ASV1491	0	0	0	0	0	0	0	0	16	0	0	0
ASV1492	0	0	0	0	0	0	0	0	5	0	0	0
ASV1493	0	0	0	0	0	0	0	0	0	0	0	0
ASV1494	0	0	0	0	0	0	0	0	0	0	0	0
ASV1495	0	0	0	0	0	0	0	0	0	0	0	0
ASV1496	0	0	0	0	0	0	0	0	0	0	0	0
ASV1497	0	0	0	0	0	0	0	0	0	0	0	0
ASV1498	0	0	0	0	0	0	0	0	0	0	0	0
ASV1499	0	0	0	0	0	0	0	0	0	0	0	0
ASV1500	0	0	0	0	0	0	0	0	0	0	0	0
ASV1501	0	0	0	0	0	0	0	0	0	0	0	0
ASV1502	0	0	0	0	0	0	0	0	0	0	0	0
ASV1503	0	0	0	0	0	0	0	0	0	0	0	0
ASV1504	0	0	0	0	0	0	0	0	0	0	0	0
ASV1505	0	0	0	0	0	0	0	0	0	0	0	0
ASV1506	0	0	0	0	0	0	0	0	0	0	0	0
ASV1507	0	0	0	0	0	0	0	0	0	0	0	0
ASV1508	0	0	0	0	0	0	0	0	0	0	0	0
ASV1509	0	1	0	0	0	0	0	0	0	0	15	0
ASV1510	0	17	0	0	0	0	0	0	0	0	0	0
ASV1511	0	0	13	0	1	0	0	3	0	0	0	0
ASV1512	0	0	21	0	0	0	0	0	0	0	0	0
ASV1513	0	0	20	0	0	0	0	0	0	0	0	0
ASV1514	0	0	21	0	0	0	0	0	0	0	0	0
ASV1515	0	0	14	0	0	0	0	0	0	0	0	0
ASV1516	0	0	19	0	0	0	0	0	0	0	0	0
ASV1517	0	0	0	0	0	0	0	0	0	12	0	0
ASV1518	0	0	0	0	0	0	0	0	0	21	0	0
ASV1519	0	0	0	0	0	0	0	0	0	16	0	0
ASV1520	0	0	0	0	0	0	0	0	0	0	17	0
ASV1521	0	0	0	0	0	0	0	0	0	0	13	0
ASV1522	0	0	0	0	0	0	0	0	0	0	16	0
ASV1523	0	0	0	0	0	6	0	0	0	0	12	0
ASV1524	0	0	0	16	0	0	0	0	0	0	0	0
ASV1525	0	0	0	0	14	0	0	0	0	0	0	0
ASV1526	0	0	0	0	15	0	0	0	0	0	0	0
ASV1527	0	0	0	0	0	20	0	0	0	0	0	0
ASV1528	0	0	0	0	0	18	0	0	0	0	0	0
ASV1529	0	0	0	0	0	4	0	0	3	0	0	0
ASV1530	0	0	0	0	0	0	0	24	0	0	0	0
ASV1531	0	0	0	0	0	0	0	0	17	0	0	0
ASV1532	0	0	0	0	0	0	0	0	0	0	0	0
ASV1533	0	0	0	0	0	0	0	0	0	0	0	0
ASV1534	0	0	0	0	0	0	0	0	0	0	0	0
ASV1535	0	0	0	0	0	0	0	0	0	0	0	0
ASV1536	0	0	0	0	0	0	0	0	0	0	0	0
ASV1537	0	0	0	0	0	0	0	0	0	0	0	0
ASV1538	0	0	0	0	0	0	0	0	0	0	0	0
ASV1539	0	0	0	0	0	0	0	0	0	0	0	0
ASV1540	0	0	0	0	0	0	0	0	0	0	0	0
ASV1541	0	0	0	0	0	0	0	0	0	0	0	0
ASV1542	0	0	0	0	0	0	0	0	0	0	0	0
ASV1543	0	0	0	0	3	0	0	0	0	10	0	0
ASV1544	14	0	0	0	0	0	0	0	0	0	0	0
ASV1545	19	0	0	0	0	0	0	0	0	0	0	0
ASV1546	0	12	0	2	0	0	0	0	0	0	0	0
ASV1547	0	0	0	0	0	0	0	0	0	1	0	0
ASV1548	0	0	0	0	0	0	0	0	0	0	19	0
ASV1549	0	0	0	1	0	0	17	0	0	0	0	0
ASV1550	0	0	0	0	19	0	0	0	0	0	0	0
ASV1551	0	0	0	0	0	0	0	23	0	0	0	0
ASV1552	0	0	0	0	0	0	0	0	1	0	0	0
ASV1553	0	0	0	0	0	0	0	0	0	0	0	0
ASV1554	0	0	0	0	0	0	0	0	0	0	0	0
ASV1555	0	0	0	0	0	0	0	0	0	0	0	0
ASV1556	0	0	0	0	0	0	0	0	0	0	0	0
ASV1557	0	0	0	0	0	0	0	0	0	0	0	0
ASV1558	0	0	0	0	0	0	0	0	0	0	0	0
ASV1559	0	0	0	0	0	0	0	0	0	0	0	0
ASV1560	0	0	0	0	0	0	0	0	0	0	0	0
ASV1561	0	0	0	0	0	0	0	0	0	0	0	0
ASV1562	0	0	0	0	0	0	0	0	0	0	0	0
ASV1563	0	0	0	0	0	0	0	0	0	0	0	0
ASV1564	0	0	0	0	0	0	0	0	0	0	0	0
ASV1565	0	0	0	0	0	0	0	0	0	0	0	0
ASV1566	11	0	0	0	0	0	0	0	0	0	0	0
ASV1567	13	0	0	0	0	0	0	0	0	0	0	0
ASV1568	0	14	0	0	0	0	0	0	0	0	0	0
ASV1569	0	13	0	0	0	0	0	0	0	0	0	0
ASV1570	0	0	17	0	0	0	0	0	0	0	0	0
ASV1571	0	0	0	0	0	0	0	0	0	17	0	0
ASV1572	0	0	0	0	0	0	0	0	0	0	15	0
ASV1573	0	0	0	0	0	1	0	0	0	0	14	1
ASV1574	0	0	0	0	16	0	0	0	0	0	0	0
ASV1575	0	0	0	0	11	0	0	0	0	0	0	0
ASV1576	0	0	0	0	13	0	0	0	0	0	0	0
ASV1577	0	0	0	0	0	19	0	0	0	0	0	0
ASV1578	0	0	0	0	0	17	0	0	0	0	0	0
ASV1579	0	0	0	0	0	12	0	0	0	0	0	0
ASV1580	0	0	0	0	0	0	17	1	1	0	0	0
ASV1581	0	0	0	0	0	0	19	0	0	0	0	0
ASV1582	0	0	0	0	0	0	0	1	9	0	0	0
ASV1583	0	0	0	0	0	0	0	22	0	0	0	0
ASV1584	0	0	0	0	0	0	0	0	14	0	0	0
ASV1585	0	0	0	0	0	0	0	0	7	0	0	0
ASV1586	0	0	0	0	0	0	0	0	0	0	0	0
ASV1587	0	0	0	0	0	0	0	0	0	0	0	0
ASV1588	0	0	0	0	0	0	0	0	0	0	0	0
ASV1589	0	0	0	0	0	0	0	0	0	0	0	0
ASV1590	0	0	0	0	0	0	0	0	0	0	0	0
ASV1591	0	0	0	0	0	0	0	0	0	0	0	0
ASV1592	0	0	0	0	0	0	0	0	0	0	0	0
ASV1593	0	0	0	0	0	0	0	0	0	0	0	0
ASV1594	0	0	0	0	0	0	0	0	0	0	0	0
ASV1595	0	0	0	0	0	0	0	0	0	0	0	0
ASV1596	0	0	0	0	0	0	0	0	0	0	0	0
ASV1597	0	0	0	0	0	0	0	0	0	0	0	0
ASV1598	0	0	0	0	0	0	0	0	0	0	0	0
ASV1599	0	0	0	0	0	0	0	0	0	0	0	0
ASV1600	0	0	0	0	0	0	0	0	0	0	0	0
ASV1601	0	0	0	0	0	0	0	0	0	0	0	0
ASV1602	0	0	0	0	0	0	0	0	0	0	0	0
ASV1603	0	0	0	0	0	0	0	0	0	0	0	0
ASV1604	0	0	0	0	0	0	0	0	0	0	0	0
ASV1605	0	0	0	0	0	0	0	0	0	0	0	0
ASV1606	0	0	0	0	0	0	0	0	0	0	0	0
ASV1607	0	0	0	0	0	0	0	0	0	0	0	0
ASV1608	0	0	0	0	0	0	0	0	0	0	0	0
ASV1609	15	0	0	0	0	0	0	0	0	0	0	0
ASV1610	10	0	0	1	0	0	0	0	0	0	0	0
ASV1611	0	13	0	0	0	0	0	0	0	0	0	0
ASV1612	0	13	0	0	0	0	0	0	0	0	0	0
ASV1613	0	0	9	0	3	0	0	0	0	0	0	0
ASV1614	0	0	18	0	0	0	0	0	0	0	0	0
ASV1615	0	0	16	0	0	0	0	0	0	0	0	0
ASV1616	0	0	16	0	0	0	0	0	0	0	0	0
ASV1617	0	0	0	0	0	0	0	0	0	12	0	0
ASV1618	0	0	0	0	0	0	0	0	0	18	0	0
ASV1619	0	0	0	0	0	0	0	0	0	13	0	0
ASV1620	0	0	0	0	0	0	0	0	0	6	0	0
ASV1621	0	0	0	0	0	0	0	0	0	0	18	0
ASV1622	0	0	0	0	0	0	0	0	0	0	13	0
ASV1623	0	0	0	0	0	0	0	0	0	0	13	0
ASV1624	0	0	0	0	0	0	0	0	0	0	17	0
ASV1625	0	0	0	0	0	0	0	0	0	0	18	1
ASV1626	0	0	0	0	0	0	0	0	0	0	0	7
ASV1627	0	0	0	0	11	0	0	0	0	0	0	0
ASV1628	0	0	0	0	10	0	0	0	0	0	0	0
ASV1629	0	0	0	0	9	0	0	0	0	0	0	0
ASV1630	0	0	0	0	0	0	14	0	0	0	0	0
ASV1631	0	0	0	0	0	0	0	21	0	0	0	0
ASV1632	0	0	0	0	0	0	0	0	15	0	0	0
ASV1633	0	0	0	0	0	0	0	0	12	0	0	0
ASV1634	0	0	0	0	0	0	0	0	13	0	0	0
ASV1635	0	0	0	0	0	0	0	0	0	0	0	0
ASV1636	0	0	0	0	0	0	0	0	0	0	0	0
ASV1637	0	0	0	0	0	0	0	0	0	0	0	0
ASV1638	0	0	0	0	0	0	0	0	0	0	0	0
ASV1639	0	0	0	0	0	0	0	0	0	0	0	0
ASV1640	0	0	0	0	0	0	0	0	0	0	0	0
ASV1641	0	0	0	0	0	0	0	0	0	0	0	0
ASV1642	11	0	0	0	0	0	0	0	0	0	0	0
ASV1643	0	15	0	0	0	0	0	0	0	0	0	0
ASV1644	0	0	3	0	0	6	0	0	0	0	0	0
ASV1645	0	0	17	0	0	0	0	0	0	0	0	0
ASV1646	0	0	0	0	0	0	0	0	0	11	0	0
ASV1647	0	0	0	0	0	0	0	0	0	0	14	0
ASV1648	0	0	0	0	0	0	0	0	0	0	17	0
ASV1649	0	0	0	0	0	0	0	0	0	0	14	0
ASV1650	0	0	0	12	0	0	0	0	0	0	0	0
ASV1651	0	0	0	13	0	0	0	0	0	0	0	0
ASV1652	0	0	0	13	0	0	0	0	0	0	0	0
ASV1653	0	0	0	13	0	0	0	0	0	0	0	0
ASV1654	0	0	0	0	11	0	0	0	0	0	0	0
ASV1655	0	0	0	0	15	0	0	0	0	0	0	0
ASV1656	0	0	0	0	14	0	0	0	0	0	0	0
ASV1657	0	0	0	0	11	0	0	0	0	0	0	0
ASV1658	0	0	0	0	15	0	0	0	0	0	0	0
ASV1659	0	0	0	0	0	19	0	0	0	0	0	0
ASV1660	0	0	0	0	0	17	0	0	0	0	0	0
ASV1661	0	0	0	0	0	16	0	0	0	0	0	0
ASV1662	0	0	0	0	0	16	0	0	0	0	0	0
ASV1663	0	0	0	0	0	0	2	0	0	0	0	0
ASV1664	0	0	0	0	0	0	0	18	0	0	0	0
ASV1665	0	0	0	0	0	0	0	0	0	0	0	0
ASV1666	0	0	0	0	0	0	0	0	0	0	0	0
ASV1667	0	0	0	0	0	0	0	0	0	0	0	0
ASV1668	0	0	0	0	0	0	0	0	0	0	0	0
ASV1669	0	0	0	0	0	0	0	0	0	0	0	0
ASV1670	0	0	0	0	0	0	0	0	0	0	0	0
ASV1671	0	0	0	0	0	0	0	0	0	0	0	0
ASV1672	0	0	0	0	0	0	0	0	0	0	0	0
ASV1673	0	0	0	0	0	0	0	0	0	0	0	0
ASV1674	0	0	0	0	0	0	0	0	0	0	0	0
ASV1675	0	0	0	0	0	0	0	0	0	0	0	0
ASV1676	0	0	0	0	0	0	0	0	0	0	0	0
ASV1677	0	0	0	0	0	0	0	0	0	0	0	0
ASV1678	0	0	0	0	0	0	0	0	0	0	0	0
ASV1679	0	0	0	0	0	0	0	0	0	0	0	0
ASV1680	0	0	0	0	0	0	0	0	0	0	0	0
ASV1681	0	0	0	0	0	0	0	0	0	0	0	0
ASV1682	0	0	0	0	0	0	0	0	0	0	0	0
ASV1683	0	12	0	0	0	0	0	0	0	0	0	0
ASV1684	0	0	15	0	0	0	0	0	0	0	0	0
ASV1685	0	0	15	0	0	0	0	0	0	0	0	0
ASV1686	0	0	17	0	0	0	0	0	0	0	0	0
ASV1687	0	0	15	0	0	0	0	0	0	0	0	0
ASV1688	0	0	16	0	0	0	0	0	0	0	0	0
ASV1689	0	0	14	0	2	0	0	0	0	0	0	0
ASV1690	0	0	0	0	0	0	0	0	0	16	0	0
ASV1691	0	0	0	0	0	0	0	0	0	10	0	0
ASV1692	0	0	0	0	0	0	0	0	0	0	13	0
ASV1693	0	0	0	0	0	0	0	0	0	0	10	0
ASV1694	0	0	0	0	0	0	0	0	0	0	0	15
ASV1695	0	0	0	9	0	0	0	0	0	0	0	0
ASV1696	0	0	0	10	0	0	0	0	0	0	0	0
ASV1697	0	0	0	0	11	0	0	0	0	0	0	0
ASV1698	0	0	0	0	11	0	0	0	0	0	0	0
ASV1699	0	0	0	0	13	0	0	0	0	0	0	0
ASV1700	0	0	0	0	12	0	0	0	0	0	0	0
ASV1701	0	0	0	0	0	0	0	16	0	0	0	0
ASV1702	0	0	0	0	0	0	17	0	0	0	0	0
ASV1703	0	0	0	0	0	0	0	19	0	0	0	0
ASV1704	0	0	0	0	0	0	0	0	11	0	0	0
ASV1705	0	0	0	0	0	0	0	0	13	0	0	0
ASV1706	0	0	0	0	0	0	0	0	0	0	0	0
ASV1707	0	0	0	0	0	0	0	0	0	0	0	0
ASV1708	0	0	0	0	0	0	0	0	0	0	0	0
ASV1709	0	0	0	0	0	0	0	0	0	0	0	0
ASV1710	0	0	0	0	0	0	0	0	0	0	0	0
ASV1711	0	0	0	0	0	0	0	0	0	0	0	0
ASV1712	0	0	0	0	0	0	0	0	0	0	0	0
ASV1713	0	0	0	0	0	0	0	0	0	0	0	0
ASV1714	0	0	0	0	0	0	0	0	0	0	0	0
ASV1715	0	0	0	0	0	0	0	0	0	0	0	0
ASV1716	0	0	0	0	0	0	0	0	0	0	0	0
ASV1717	0	0	0	0	0	0	0	0	0	0	0	0
ASV1718	0	0	0	0	0	0	0	0	0	0	0	0
ASV1719	0	0	0	0	0	0	0	0	0	0	0	0
ASV1720	0	0	0	0	0	0	0	0	0	0	0	0
ASV1721	0	0	0	0	0	0	0	0	0	0	0	0
ASV1722	0	0	0	0	0	0	0	0	0	0	0	0
ASV1723	7	0	0	0	0	0	0	0	0	0	0	0
ASV1724	0	10	0	0	0	0	0	0	0	0	0	0
ASV1725	0	14	0	0	0	0	0	0	0	0	0	0
ASV1726	0	16	0	0	0	0	0	0	0	0	0	0
ASV1727	0	12	0	0	0	0	0	0	0	0	0	0
ASV1728	0	0	15	0	0	0	0	0	0	0	0	0
ASV1729	0	0	13	2	0	0	0	0	0	0	0	0
ASV1730	0	0	18	0	0	0	0	0	0	0	0	0
ASV1731	0	0	15	0	0	0	0	0	0	0	0	0
ASV1732	0	0	0	0	0	0	0	0	0	14	0	0
ASV1733	0	0	0	0	0	5	0	0	1	9	0	0
ASV1734	0	0	0	0	0	0	13	0	0	1	0	0
ASV1735	0	0	0	0	0	0	0	0	0	0	12	0
ASV1736	0	0	0	0	0	0	0	0	0	0	15	0
ASV1737	0	0	0	0	0	0	0	0	0	0	14	0
ASV1738	0	0	0	0	0	0	0	0	0	0	14	0
ASV1739	0	0	0	0	0	0	0	0	0	0	12	0
ASV1740	0	0	0	0	0	0	0	0	0	0	14	0
ASV1741	0	0	0	0	0	0	0	0	0	0	13	0
ASV1742	0	0	0	0	14	0	0	0	0	0	0	0
ASV1743	0	0	0	0	11	0	0	0	0	0	0	0
ASV1744	0	0	0	0	0	0	16	0	0	0	0	0
ASV1745	0	0	0	0	0	0	14	0	0	0	0	0
ASV1746	0	0	0	0	0	0	14	0	0	0	0	0
ASV1747	0	0	0	0	0	0	16	0	0	0	0	0
ASV1748	0	0	0	0	0	0	15	0	0	0	0	0
ASV1749	0	0	0	0	0	0	16	0	0	0	0	0
ASV1750	0	0	0	0	0	0	0	1	0	0	0	0
ASV1751	0	0	0	0	0	0	0	17	1	0	0	0
ASV1752	0	0	0	0	0	0	0	18	0	0	0	0
ASV1753	0	0	0	0	0	0	0	18	0	0	0	0
ASV1754	0	0	0	0	0	0	0	18	0	0	0	0
ASV1755	0	0	0	0	0	0	0	0	7	0	0	0
ASV1756	0	0	0	0	0	0	0	0	0	0	0	0
ASV1757	0	0	0	0	0	0	0	0	0	0	0	0
ASV1758	0	0	0	0	0	0	0	0	0	0	0	0
ASV1759	0	0	0	0	0	0	0	0	0	0	0	0
ASV1760	0	0	0	0	0	0	0	0	0	0	0	0
ASV1761	0	0	0	0	0	0	0	0	0	0	0	0
ASV1762	0	0	0	0	0	0	0	0	0	0	0	0
ASV1763	0	0	0	0	0	0	0	0	0	0	0	0
ASV1764	0	0	0	0	0	0	0	0	0	0	0	0
ASV1765	0	0	0	0	0	0	0	0	0	0	0	0
ASV1766	0	0	0	0	0	0	0	0	0	0	0	0
ASV1767	0	0	0	0	0	0	0	0	0	0	0	0
ASV1768	0	0	0	0	0	0	0	0	0	0	0	0
ASV1769	0	0	0	0	0	0	0	0	0	0	0	0
ASV1770	0	0	0	0	0	0	0	0	0	0	0	0
ASV1771	0	0	0	0	0	0	0	0	0	0	0	0
ASV1772	0	0	0	0	0	0	0	0	0	0	0	0
ASV1773	0	0	0	0	0	0	0	0	0	0	0	0
ASV1774	0	0	0	0	0	0	0	0	0	0	0	0
ASV1775	11	0	0	0	0	0	0	0	0	0	0	0
ASV1776	10	0	0	0	0	0	0	0	0	0	0	0
ASV1777	3	0	0	0	0	0	0	0	0	0	2	0
ASV1778	0	10	0	0	0	0	0	0	0	0	0	0
ASV1779	0	11	0	0	0	0	0	0	0	0	0	0
ASV1780	0	0	16	0	0	0	0	0	0	0	0	0
ASV1781	0	0	14	0	0	0	0	0	0	0	0	0
ASV1782	0	0	11	0	0	0	0	0	0	0	0	0
ASV1783	0	0	8	0	0	0	0	0	5	0	0	0
ASV1784	0	0	13	0	0	0	0	0	0	0	0	0
ASV1785	0	0	15	0	0	0	0	0	0	0	0	0
ASV1786	0	0	0	0	0	0	0	0	0	9	0	0
ASV1787	0	0	0	0	0	0	0	0	0	16	0	0
ASV1788	0	0	0	0	0	0	0	0	0	0	8	0
ASV1789	0	0	0	0	0	0	0	0	0	0	9	0
ASV1790	0	0	0	0	0	0	0	0	0	0	14	0
ASV1791	0	0	0	0	0	0	0	0	0	0	13	0
ASV1792	0	0	0	0	0	0	0	1	0	0	12	0
ASV1793	0	0	0	0	0	0	0	0	0	0	9	0
ASV1794	0	0	0	16	0	0	0	0	0	0	0	0
ASV1795	0	0	0	10	0	0	0	0	0	0	0	0
ASV1796	0	0	0	0	9	0	0	0	0	0	0	0
ASV1797	0	0	0	0	12	0	0	0	0	0	0	0
ASV1798	0	0	0	0	0	14	0	0	0	0	0	0
ASV1799	0	0	0	0	0	13	0	0	0	0	0	0
ASV1800	0	0	0	0	0	13	0	0	0	0	0	0
ASV1801	0	0	0	0	0	16	1	0	0	0	0	0
ASV1802	0	0	0	0	0	0	11	0	0	0	0	0
ASV1803	0	0	0	0	0	0	12	0	0	0	0	0
ASV1804	0	0	0	0	0	0	0	17	0	0	0	0
ASV1805	0	0	0	0	0	0	0	17	0	0	0	0
ASV1806	0	0	0	0	0	0	0	17	0	0	0	0
ASV1807	0	0	0	0	0	0	0	0	7	0	0	0
ASV1808	0	0	0	0	0	0	0	0	0	0	0	0
ASV1809	0	0	0	0	0	0	0	0	0	0	0	0
ASV1810	0	0	0	0	0	0	0	0	0	0	0	0
ASV1811	0	0	0	0	0	0	0	0	0	0	0	0
ASV1812	0	0	0	0	0	0	0	0	0	0	0	0
ASV1813	0	0	0	0	0	0	0	0	0	0	0	0
ASV1814	0	0	0	0	0	0	0	0	0	0	0	0
ASV1815	0	0	0	0	0	0	0	0	0	0	0	0
ASV1816	0	0	0	0	0	0	0	0	0	0	0	0
ASV1817	0	0	0	0	0	0	0	0	0	0	0	0
ASV1818	0	0	0	0	0	0	0	0	0	0	0	0
ASV1819	0	0	0	0	0	0	0	0	0	0	0	0
ASV1820	0	0	0	0	0	0	0	0	0	0	0	0
ASV1821	0	0	0	0	0	0	0	0	0	0	0	0
ASV1822	0	0	0	0	0	0	0	0	0	0	0	0
ASV1823	0	0	0	0	0	0	0	0	0	0	0	0
ASV1824	0	0	0	0	0	0	0	0	0	0	0	0
ASV1825	0	0	0	0	0	0	0	0	0	0	0	0
ASV1826	0	0	0	0	0	0	0	0	0	0	0	0
ASV1827	0	0	0	0	0	0	0	0	0	0	0	0
ASV1828	0	0	0	0	0	0	0	0	0	0	0	0
ASV1829	0	0	0	0	0	0	0	0	0	0	0	0
ASV1830	0	0	0	0	0	0	0	0	0	0	0	0
ASV1831	0	0	0	0	0	0	0	0	0	0	0	0
ASV1832	0	0	0	0	0	0	0	0	0	0	0	0
ASV1833	0	0	0	0	0	0	0	0	0	0	0	0
ASV1834	0	0	0	0	0	0	0	0	0	0	0	0
ASV1835	0	0	0	0	0	0	0	0	0	0	0	0
ASV1836	0	0	0	0	0	0	0	0	0	0	0	0
ASV1837	0	0	0	0	0	0	0	0	0	0	0	0
ASV1838	0	0	0	0	0	0	0	0	0	0	0	0
ASV1839	0	0	0	0	0	0	0	0	0	0	0	0
ASV1840	0	0	0	0	0	0	0	0	0	0	0	0
ASV1841	0	0	0	0	0	0	0	0	0	0	0	0
ASV1842	6	0	0	3	0	0	0	0	0	0	0	0
ASV1843	0	12	0	0	0	0	0	0	0	0	0	0
ASV1844	0	0	14	0	0	0	0	0	0	0	0	0
ASV1845	0	0	13	0	0	0	0	0	0	0	0	0
ASV1846	0	0	13	0	0	0	0	0	0	0	0	0
ASV1847	0	0	12	0	0	0	0	0	0	0	0	0
ASV1848	0	0	15	0	0	0	0	0	0	0	0	0
ASV1849	0	0	0	0	0	0	0	0	0	12	0	0
ASV1850	0	0	0	0	0	0	0	0	0	8	0	0
ASV1851	0	0	0	0	0	0	0	0	0	0	11	0
ASV1852	0	0	0	0	0	0	0	0	0	0	13	0
ASV1853	0	0	0	0	0	0	0	0	0	0	10	0
ASV1854	0	0	0	0	0	0	0	0	0	0	1	0
ASV1855	0	0	0	0	0	0	0	0	0	0	0	10
ASV1856	0	0	0	13	0	0	0	0	0	0	0	0
ASV1857	0	0	0	0	12	0	0	0	0	0	0	0
ASV1858	0	0	0	0	9	0	0	0	0	0	0	0
ASV1859	0	0	0	0	0	13	0	0	0	0	0	0
ASV1860	0	0	0	0	0	0	13	0	0	0	0	0
ASV1861	0	0	0	0	0	0	13	0	0	0	0	0
ASV1862	0	0	0	0	0	0	0	9	0	0	0	0
ASV1863	0	0	0	0	0	0	0	16	0	0	0	0
ASV1864	0	0	0	0	0	0	0	0	8	0	0	0
ASV1865	0	0	0	0	0	0	0	0	0	0	0	0
ASV1866	0	0	0	0	0	0	0	0	0	0	0	0
ASV1867	0	0	0	0	0	0	0	0	0	0	0	0
ASV1868	0	0	0	0	0	0	0	0	0	0	0	0
ASV1869	0	0	0	0	0	0	0	0	0	0	0	0
ASV1870	0	0	0	0	0	0	0	0	0	0	0	0
ASV1871	0	0	0	0	0	0	0	0	0	0	0	0
ASV1872	0	0	0	0	0	0	0	0	0	0	0	0
ASV1873	0	0	0	0	0	0	0	0	0	0	0	0
ASV1874	0	0	0	0	0	0	0	0	0	0	0	0
ASV1875	0	0	0	0	0	0	0	0	0	0	0	0
ASV1876	0	0	0	0	0	0	0	0	0	0	0	0
ASV1877	0	0	0	0	0	0	0	0	0	0	0	0
ASV1878	0	0	0	0	0	0	0	0	0	0	0	0
ASV1879	0	0	0	0	0	0	0	0	0	0	0	0
ASV1880	0	0	0	0	0	0	0	0	0	0	0	0
ASV1881	0	0	0	0	0	0	0	0	0	0	0	0
ASV1882	0	0	0	0	0	0	0	0	0	0	0	0
ASV1883	0	0	0	0	0	0	0	0	0	0	0	0
ASV1884	0	0	0	0	0	0	0	0	0	0	0	0
ASV1885	0	0	0	0	0	0	0	0	0	0	0	0
ASV1886	0	0	0	0	0	0	0	0	0	0	0	0
ASV1887	0	0	0	0	0	0	0	0	0	0	0	0
ASV1888	0	0	14	0	0	0	0	0	0	0	0	0
ASV1889	0	0	12	0	0	0	0	0	0	0	0	0
ASV1890	0	0	13	0	0	0	0	0	0	0	0	0
ASV1891	0	0	12	0	0	0	0	0	0	0	0	0
ASV1892	0	0	15	0	0	0	0	0	0	0	0	0
ASV1893	0	0	8	0	0	5	0	0	0	0	0	0
ASV1894	0	0	10	0	0	0	0	0	0	0	0	0
ASV1895	0	0	0	0	0	0	0	0	0	10	0	0
ASV1896	0	0	0	0	0	0	0	0	0	9	0	0
ASV1897	0	0	0	0	0	0	0	0	0	9	0	0
ASV1898	0	0	0	0	0	0	0	0	0	0	10	0
ASV1899	0	0	0	0	0	0	0	0	0	0	14	0
ASV1900	0	0	0	0	0	0	0	0	0	0	12	0
ASV1901	0	0	0	0	0	0	0	1	0	0	11	0
ASV1902	0	0	0	0	0	12	0	0	0	0	1	0
ASV1903	0	0	0	0	0	0	0	0	0	0	0	12
ASV1904	0	0	0	0	7	0	0	0	0	0	0	0
ASV1905	0	0	0	0	11	0	0	0	0	0	0	0
ASV1906	0	0	0	0	9	0	0	0	0	0	0	0
ASV1907	0	0	0	0	12	0	0	0	0	0	0	0
ASV1908	0	0	0	0	7	0	0	0	0	0	0	0
ASV1909	0	0	0	0	0	11	0	0	0	0	0	0
ASV1910	0	0	0	0	0	12	0	0	0	0	0	0
ASV1911	0	0	0	0	0	0	12	0	0	0	0	0
ASV1912	0	0	0	0	0	0	13	0	0	0	0	0
ASV1913	0	0	0	0	0	0	11	0	0	0	0	0
ASV1914	0	0	0	0	0	0	11	0	0	0	0	0
ASV1915	0	0	0	0	0	0	15	0	0	0	0	0
ASV1916	0	0	0	0	0	0	13	0	0	0	0	0
ASV1917	0	0	0	0	0	0	12	0	0	0	0	0
ASV1918	0	0	0	0	0	0	13	0	0	0	0	0
ASV1919	0	0	0	0	0	0	0	3	0	0	0	0
ASV1920	0	0	0	0	0	0	0	15	0	0	0	0
ASV1921	0	0	0	0	0	0	0	0	7	0	0	0
ASV1922	0	0	0	0	0	0	0	0	5	0	0	0
ASV1923	0	0	0	0	0	0	0	0	8	0	0	0
ASV1924	0	0	0	0	0	0	0	0	0	0	0	0
ASV1925	0	0	0	0	0	0	0	0	0	0	0	0
ASV1926	0	0	0	0	0	0	0	0	0	0	0	0
ASV1927	0	0	0	0	0	0	0	0	0	0	0	0
ASV1928	0	0	0	0	0	0	0	0	0	0	0	0
ASV1929	0	0	0	0	0	0	0	0	0	0	0	0
ASV1930	0	0	0	0	0	0	0	0	0	0	0	0
ASV1931	0	0	0	0	0	0	0	0	0	0	0	0
ASV1932	0	0	0	0	0	0	0	0	0	0	0	0
ASV1933	0	0	0	0	0	0	0	0	0	0	0	0
ASV1934	0	0	0	0	0	0	0	0	0	0	0	0
ASV1935	0	0	0	0	0	0	0	0	0	0	0	0
ASV1936	0	0	0	0	0	0	0	0	0	0	0	0
ASV1937	0	0	0	0	0	0	0	0	0	0	0	0
ASV1938	0	0	0	0	0	0	0	0	0	0	0	0
ASV1939	0	0	0	0	0	0	0	0	0	0	0	0
ASV1940	0	0	0	0	0	0	0	0	0	0	0	0
ASV1941	0	0	0	0	0	0	0	0	0	0	0	0
ASV1942	0	0	0	0	0	0	0	0	0	0	0	0
ASV1943	0	0	0	0	0	0	0	0	0	0	0	0
ASV1944	0	0	0	0	0	0	0	0	0	0	0	0
ASV1945	0	0	0	0	0	0	0	0	0	0	0	0
ASV1946	0	0	0	0	0	0	0	0	0	0	0	0
ASV1947	0	0	0	0	0	0	0	0	0	0	0	0
ASV1948	0	0	0	0	0	0	0	0	0	0	0	0
ASV1949	0	8	0	0	0	0	0	0	0	0	0	0
ASV1950	0	0	10	0	0	0	0	0	0	0	0	0
ASV1951	0	0	11	0	0	0	0	0	0	0	0	0
ASV1952	0	0	13	0	0	0	0	0	0	0	0	0
ASV1953	0	0	3	0	0	0	0	0	9	0	0	0
ASV1954	0	0	0	0	0	0	0	0	0	11	0	0
ASV1955	0	0	0	0	0	0	0	0	0	10	0	0
ASV1956	0	0	0	0	0	0	0	0	0	9	0	0
ASV1957	0	0	0	0	0	0	0	0	0	6	0	0
ASV1958	0	0	0	0	0	0	0	0	0	0	7	0
ASV1959	0	0	0	0	0	0	0	0	0	0	12	0
ASV1960	0	0	0	0	0	0	0	0	0	0	9	0
ASV1961	0	0	0	0	0	0	0	0	0	0	11	0
ASV1962	0	0	0	0	0	0	0	0	0	0	7	0
ASV1963	0	0	0	0	0	0	0	0	0	0	0	2
ASV1964	0	0	0	1	0	0	0	0	0	0	0	0
ASV1965	0	0	0	8	0	0	0	0	0	0	0	0
ASV1966	0	0	0	5	0	0	0	0	0	0	0	0
ASV1967	0	0	0	10	0	0	0	0	0	0	0	0
ASV1968	0	0	0	8	0	0	0	0	0	0	0	0
ASV1969	0	0	0	0	11	0	0	0	0	0	0	0
ASV1970	0	0	0	0	2	0	0	0	0	0	0	0
ASV1971	0	0	0	0	0	11	0	0	0	0	0	0
ASV1972	0	0	0	0	0	13	0	0	0	0	0	0
ASV1973	0	0	0	0	0	0	11	0	0	0	0	0
ASV1974	0	0	0	0	0	0	14	0	0	0	0	0
ASV1975	0	0	0	0	0	0	0	0	0	0	0	0
ASV1976	0	0	0	0	0	0	0	0	0	0	0	0
ASV1977	0	0	0	0	0	0	0	0	0	0	0	0
ASV1978	0	0	0	0	0	0	0	0	0	0	0	0
ASV1979	0	0	0	0	0	0	0	0	0	0	0	0
ASV1980	0	0	0	0	0	0	0	0	0	0	0	0
ASV1981	0	0	0	0	0	0	0	0	0	0	0	0
ASV1982	0	0	0	0	0	0	0	0	0	0	0	0
ASV1983	0	0	0	0	0	0	0	0	0	0	0	0
ASV1984	0	0	0	0	0	0	0	0	0	0	0	0
ASV1985	0	0	0	0	0	0	0	0	0	0	0	0
ASV1986	0	0	0	0	0	0	0	0	0	0	0	0
ASV1987	0	0	0	0	0	0	0	0	0	0	0	0
ASV1988	0	0	0	0	0	0	0	0	0	0	0	0
ASV1989	0	0	0	0	0	0	0	0	0	0	0	0
ASV1990	0	0	0	0	0	0	0	0	0	0	0	0
ASV1991	0	0	0	0	0	0	0	0	0	0	0	0
ASV1992	0	0	0	0	0	0	0	0	0	0	0	0
ASV1993	0	0	0	0	0	0	0	0	0	0	0	0
ASV1994	0	0	0	0	0	0	0	0	0	0	0	0
ASV1995	0	0	0	0	0	0	0	0	0	0	0	0
ASV1996	0	0	0	0	0	0	0	0	0	0	0	0
ASV1997	0	0	0	0	0	0	0	0	0	0	0	0
ASV1998	0	0	0	0	0	0	0	0	0	0	0	0
ASV1999	0	0	0	0	0	0	0	0	0	0	0	0
ASV2000	5	0	0	0	0	0	0	0	0	0	0	0
ASV2001	9	0	0	0	0	0	0	0	0	0	0	0
ASV2002	0	7	0	0	0	0	0	0	0	0	0	0
ASV2003	0	0	11	0	0	0	0	0	0	0	0	0
ASV2004	0	0	0	0	0	3	0	0	0	1	0	0
ASV2005	0	0	10	0	0	0	0	0	0	0	0	0
ASV2006	0	0	9	0	0	0	0	0	0	0	0	0
ASV2007	0	0	9	0	0	0	0	0	0	0	0	0
ASV2008	0	0	10	0	0	0	0	0	0	0	0	0
ASV2009	0	0	13	0	0	0	0	0	0	0	0	0
ASV2010	0	0	9	0	0	0	0	0	0	0	0	0
ASV2011	0	0	10	0	0	0	0	0	0	0	0	0
ASV2012	0	0	10	0	0	0	0	0	0	0	0	0
ASV2013	0	0	0	0	0	0	0	0	0	10	0	0
ASV2014	0	0	0	0	0	0	0	0	0	7	0	0
ASV2015	0	0	0	0	0	0	5	0	0	1	0	0
ASV2016	0	0	0	0	0	0	0	0	0	0	11	0
ASV2017	0	0	0	0	0	0	0	0	0	0	12	0
ASV2018	0	0	0	0	0	0	0	0	0	0	12	0
ASV2019	0	0	0	0	0	0	0	0	0	0	9	0
ASV2020	0	0	0	0	0	0	0	0	0	0	10	0
ASV2021	0	0	0	0	0	0	2	0	0	0	5	0
ASV2022	0	0	0	0	0	0	0	0	0	0	0	9
ASV2023	0	0	0	8	0	0	0	0	0	0	0	0
ASV2024	0	0	0	9	0	0	0	0	0	0	0	0
ASV2025	0	0	0	6	1	0	0	0	0	0	0	0
ASV2026	0	0	0	8	0	0	0	0	0	0	0	0
ASV2027	0	0	0	0	10	0	0	0	0	0	0	0
ASV2028	0	0	0	0	9	0	0	0	0	0	0	0
ASV2029	0	0	0	0	8	0	0	0	0	0	0	0
ASV2030	0	0	0	0	0	10	0	0	0	0	0	0
ASV2031	0	0	0	0	0	12	0	0	0	0	0	0
ASV2032	0	0	0	0	0	8	0	0	0	0	0	0
ASV2033	0	0	0	0	0	10	0	0	0	0	0	0
ASV2034	0	0	0	0	0	1	10	0	0	0	0	0
ASV2035	0	0	0	0	0	0	11	0	0	0	0	0
ASV2036	0	0	0	0	0	0	10	0	0	0	0	0
ASV2037	0	0	0	0	0	0	0	13	0	0	0	0
ASV2038	0	0	0	0	0	0	0	13	0	0	0	0
ASV2039	0	0	0	0	0	0	0	13	0	0	0	0
ASV2040	0	0	0	0	0	0	0	13	0	0	0	0
ASV2041	0	0	0	0	0	0	0	0	6	0	0	0
ASV2042	0	0	0	0	0	0	0	0	7	0	0	0
ASV2043	0	0	0	0	0	0	0	0	0	0	0	0
ASV2044	0	0	0	0	0	0	0	0	0	0	0	0
ASV2045	0	0	0	0	0	0	0	0	0	0	0	0
ASV2046	0	0	0	0	0	0	0	0	0	0	0	0
ASV2047	0	0	0	0	0	0	0	0	0	0	0	0
ASV2048	0	0	0	0	0	0	0	0	0	0	0	0
ASV2049	0	0	0	0	0	0	0	0	0	0	0	0
ASV2050	0	0	0	0	0	0	0	0	0	0	0	0
ASV2051	0	0	0	0	0	0	0	0	0	0	0	0
ASV2052	0	0	0	0	0	0	0	0	0	0	0	0
ASV2053	0	0	0	0	0	0	0	0	0	0	0	0
ASV2054	0	0	0	0	0	0	0	0	0	0	0	0
ASV2055	0	0	0	0	0	0	0	0	0	0	0	0
ASV2056	0	0	0	0	0	0	0	0	0	0	0	0
ASV2057	0	0	0	0	0	0	0	0	0	0	0	0
ASV2058	0	0	0	0	0	0	0	0	0	0	0	0
ASV2059	0	0	0	0	0	0	0	0	0	0	0	0
ASV2060	0	0	0	0	0	0	0	0	0	0	0	0
ASV2061	0	0	0	0	0	0	0	0	0	0	0	0
ASV2062	0	0	0	0	0	0	0	0	0	0	0	0
ASV2063	0	0	0	0	0	0	0	0	0	0	0	0
ASV2064	0	0	0	0	0	0	0	0	0	0	0	0
ASV2065	0	0	0	0	0	0	0	0	0	0	0	0
ASV2066	0	0	0	0	0	0	0	0	0	0	0	0
ASV2067	0	0	0	0	0	0	0	0	0	0	0	0
ASV2068	0	0	0	0	0	0	0	0	0	0	0	0
ASV2069	0	0	0	0	0	0	0	0	0	0	0	0
ASV2070	0	0	0	0	0	0	0	0	0	0	0	0
ASV2071	0	0	0	0	0	0	0	0	0	0	0	0
ASV2072	0	0	0	0	0	0	0	0	0	0	0	0
ASV2073	0	0	0	0	0	0	0	0	0	0	0	0
ASV2074	0	0	0	0	0	0	0	0	0	0	0	0
ASV2075	0	0	0	0	0	0	0	0	0	0	0	0
ASV2076	0	0	0	0	0	0	0	0	0	0	0	0
ASV2077	0	0	0	0	0	0	0	0	0	0	0	0
ASV2078	0	0	0	0	0	0	0	0	0	0	0	0
ASV2079	0	0	0	0	0	0	0	0	0	0	0	0
ASV2080	0	0	0	0	0	0	0	0	0	0	0	0
ASV2081	0	0	0	0	0	0	0	0	0	0	0	0
ASV2082	0	0	0	0	0	0	0	0	0	0	0	0
ASV2083	0	0	0	0	0	0	0	0	0	0	0	0
ASV2084	9	0	0	0	0	0	0	0	0	0	0	0
ASV2085	0	9	0	0	0	0	0	0	0	0	0	0
ASV2086	0	0	8	0	0	0	0	0	0	0	0	0
ASV2087	0	0	10	0	0	0	0	0	0	0	0	0
ASV2088	0	0	7	0	0	0	0	0	0	0	1	0
ASV2089	0	0	4	0	0	0	0	0	0	0	0	0
ASV2090	0	0	11	0	0	0	0	0	0	0	0	0
ASV2091	0	0	9	0	0	0	0	0	0	0	0	0
ASV2092	0	0	6	2	0	3	0	0	0	0	0	0
ASV2093	0	0	11	0	0	0	0	0	0	0	0	0
ASV2094	0	0	0	0	0	0	0	0	0	8	0	0
ASV2095	0	0	0	0	0	0	0	0	0	10	0	0
ASV2096	0	0	0	0	0	0	0	0	0	12	0	0
ASV2097	0	0	0	0	0	0	0	0	0	0	10	0
ASV2098	0	0	0	0	0	0	0	0	0	0	10	0
ASV2099	0	0	0	0	0	0	0	0	0	0	6	0
ASV2100	0	0	0	8	0	0	0	0	0	0	0	0
ASV2101	0	0	0	6	0	0	0	0	0	0	0	0
ASV2102	0	0	0	8	0	0	0	0	0	0	0	0
ASV2103	0	0	0	0	7	0	0	0	0	0	0	0
ASV2104	0	0	0	0	8	0	0	0	0	0	0	0
ASV2105	0	0	0	0	8	0	0	0	0	0	0	0
ASV2106	0	0	0	0	0	11	0	0	0	0	0	0
ASV2107	0	0	0	0	0	11	0	0	0	0	0	0
ASV2108	0	0	0	0	0	10	0	0	0	0	0	0
ASV2109	0	0	0	0	0	0	9	0	0	0	0	0
ASV2110	0	0	0	0	0	0	8	0	0	0	0	0
ASV2111	0	0	0	0	0	0	11	0	0	0	0	0
ASV2112	0	0	0	0	0	0	0	12	0	0	0	0
ASV2113	0	0	0	0	0	0	0	12	0	0	0	0
ASV2114	0	0	0	0	0	0	0	12	0	0	0	0
ASV2115	0	0	0	0	0	0	0	12	0	0	0	0
ASV2116	0	0	0	0	0	0	0	12	0	0	0	0
ASV2117	0	0	0	0	0	0	0	0	6	0	0	0
ASV2118	0	0	0	0	0	0	0	0	0	0	0	0
ASV2119	0	0	0	0	0	0	0	0	6	0	0	0
ASV2120	0	0	0	0	0	0	0	0	6	0	0	0
ASV2121	0	0	0	0	0	0	0	0	5	0	0	0
ASV2122	0	0	0	0	0	0	0	0	7	0	0	0
ASV2123	0	0	0	0	0	0	0	0	0	0	0	0
ASV2124	0	0	0	0	0	0	0	0	0	0	0	0
ASV2125	0	0	0	0	0	0	0	0	0	0	0	0
ASV2126	0	0	0	0	0	0	0	0	0	0	0	0
ASV2127	0	0	0	0	0	0	0	0	0	0	0	0
ASV2128	0	0	0	0	0	0	0	0	0	0	0	0
ASV2129	0	0	0	0	0	0	0	0	0	0	0	0
ASV2130	0	0	0	0	0	0	0	0	0	0	0	0
ASV2131	0	0	0	0	0	0	0	0	0	0	0	0
ASV2132	0	0	0	0	0	0	0	0	0	0	0	0
ASV2133	0	0	0	0	0	0	0	0	0	0	0	0
ASV2134	0	0	0	0	0	0	0	0	0	0	0	0
ASV2135	0	0	0	0	0	0	0	0	0	0	0	0
ASV2136	0	0	0	0	0	0	0	0	0	0	0	0
ASV2137	0	0	0	0	0	0	0	0	0	0	0	0
ASV2138	0	0	0	0	0	0	0	0	0	0	0	0
ASV2139	0	0	0	0	0	0	0	0	0	0	0	0
ASV2140	0	0	0	0	0	0	0	0	0	0	0	0
ASV2141	0	0	0	0	0	0	0	0	0	0	0	0
ASV2142	0	0	0	0	0	0	0	0	0	0	0	0
ASV2143	0	0	0	0	0	0	0	0	0	0	0	0
ASV2144	0	0	0	0	0	0	0	0	0	0	0	0
ASV2145	0	0	0	0	0	0	0	0	0	0	0	0
ASV2146	0	0	0	0	0	0	0	0	0	0	0	0
ASV2147	0	0	0	0	0	0	0	0	0	0	0	0
ASV2148	3	1	3	0	2	0	0	0	0	0	0	0
ASV2149	4	0	0	0	0	0	0	0	0	0	0	0
ASV2150	7	0	0	0	0	0	0	0	0	0	0	0
ASV2151	8	0	0	0	0	0	0	0	0	0	0	0
ASV2152	9	0	0	0	0	0	0	0	0	0	0	0
ASV2153	0	4	0	0	0	0	0	0	0	0	0	5
ASV2154	0	0	10	0	0	0	0	0	0	0	0	0
ASV2155	0	0	9	0	0	0	0	0	0	0	0	0
ASV2156	0	0	9	0	0	0	0	0	0	0	0	0
ASV2157	0	0	9	0	0	0	0	0	0	0	0	0
ASV2158	0	0	8	0	0	0	0	0	0	0	0	0
ASV2159	0	0	9	0	0	0	0	0	0	0	0	0
ASV2160	0	0	6	0	0	0	0	0	0	0	0	0
ASV2161	0	0	0	0	0	0	0	0	0	7	0	0
ASV2162	0	0	0	0	0	0	0	0	0	3	0	0
ASV2163	0	0	0	0	0	0	0	0	0	8	0	0
ASV2164	0	0	0	0	0	0	0	0	0	7	0	0
ASV2165	0	0	0	0	0	0	0	8	0	1	0	0
ASV2166	0	0	0	0	0	0	0	0	0	0	8	0
ASV2167	0	0	0	0	0	0	0	0	0	0	6	0
ASV2168	0	0	0	0	0	0	0	0	0	0	8	0
ASV2169	0	0	0	0	0	0	0	0	0	0	9	0
ASV2170	0	0	0	0	0	0	0	0	0	0	5	0
ASV2171	0	0	0	0	0	0	0	0	0	0	5	0
ASV2172	0	0	0	7	0	0	0	0	0	0	0	0
ASV2173	0	0	0	5	0	0	0	0	0	0	0	0
ASV2174	0	0	0	9	0	0	0	0	0	0	0	0
ASV2175	0	0	0	7	0	0	0	0	0	0	0	0
ASV2176	0	0	0	0	10	0	0	0	0	0	0	0
ASV2177	0	0	0	0	7	0	0	0	0	0	0	0
ASV2178	0	0	0	0	6	0	0	0	0	0	0	0
ASV2179	0	0	0	0	6	0	0	0	0	0	0	0
ASV2180	0	0	0	0	7	0	0	0	0	0	0	0
ASV2181	0	0	0	0	9	0	0	0	0	0	0	0
ASV2182	0	0	0	0	7	0	0	0	0	0	0	0
ASV2183	0	0	0	0	1	0	9	0	0	0	0	0
ASV2184	0	0	0	0	0	11	0	0	0	0	0	0
ASV2185	0	0	0	0	0	8	0	0	0	0	0	0
ASV2186	0	0	0	0	0	11	0	0	0	0	0	0
ASV2187	0	0	0	0	0	10	0	0	0	0	0	0
ASV2188	0	0	0	0	0	7	0	0	0	0	0	0
ASV2189	0	0	0	0	0	0	9	0	0	0	0	0
ASV2190	0	0	0	0	0	0	11	0	0	0	0	0
ASV2191	0	0	0	0	0	0	10	0	0	0	0	0
ASV2192	0	0	0	0	0	0	11	0	0	0	0	0
ASV2193	0	0	0	0	0	0	0	0	7	0	0	0
ASV2194	0	0	0	0	0	0	0	0	0	0	0	0
ASV2195	0	0	0	0	0	0	0	0	0	0	0	0
ASV2196	0	0	0	0	0	0	0	0	0	0	0	0
ASV2197	0	0	0	0	0	0	0	0	0	0	0	0
ASV2198	0	0	0	0	0	0	0	0	0	0	0	0
ASV2199	0	0	0	0	0	0	0	0	0	0	0	0
ASV2200	0	0	0	0	0	0	0	0	0	0	0	0
ASV2201	0	0	0	0	0	0	0	0	0	0	0	0
ASV2202	0	0	0	0	0	0	0	0	0	0	0	0
ASV2203	0	0	0	0	0	0	0	0	0	0	0	0
ASV2204	0	0	0	0	0	0	0	0	0	0	0	0
ASV2205	0	0	0	0	0	0	0	0	0	0	0	0
ASV2206	0	0	0	0	0	0	0	0	0	0	0	0
ASV2207	0	0	0	0	0	0	0	0	0	0	0	0
ASV2208	0	0	0	0	0	0	0	0	0	0	0	0
ASV2209	0	0	0	0	0	0	0	0	0	0	0	0
ASV2210	0	0	0	0	0	0	0	0	0	0	0	0
ASV2211	0	0	0	0	0	0	0	0	0	0	0	0
ASV2212	0	0	0	0	0	0	0	0	0	0	0	0
ASV2213	0	0	0	0	0	0	0	0	0	0	0	0
ASV2214	0	0	0	0	0	0	0	0	0	0	0	0
ASV2215	0	0	0	0	0	0	0	0	0	0	0	0
ASV2216	0	0	0	0	0	0	0	0	0	0	0	0
ASV2217	0	0	0	0	0	0	0	0	0	0	0	0
ASV2218	0	0	0	0	0	0	0	0	0	0	0	0
ASV2219	0	0	0	0	0	0	0	0	0	0	0	0
ASV2220	0	0	0	0	0	0	0	0	0	0	0	0
ASV2221	0	0	0	0	0	0	0	0	0	0	0	0
ASV2222	0	0	0	0	0	0	0	0	0	0	0	0
ASV2223	0	0	0	0	0	0	0	0	0	0	0	0
ASV2224	0	0	0	0	0	0	0	0	0	0	0	0
ASV2225	0	0	0	0	0	0	0	0	0	0	0	0
ASV2226	0	0	0	0	0	0	0	0	0	0	0	0
ASV2227	0	0	0	0	0	0	0	0	0	0	0	0
ASV2228	0	0	0	0	0	0	0	0	0	0	0	0
ASV2229	0	0	0	0	0	0	0	0	0	0	0	0
ASV2230	0	0	0	0	0	0	0	0	0	0	0	0
ASV2231	0	0	0	0	0	0	0	0	0	0	0	0
ASV2232	0	0	0	0	0	0	0	0	0	0	0	0
ASV2233	0	0	0	0	0	0	0	0	0	0	0	0
ASV2234	0	0	0	0	0	0	0	0	0	0	0	0
ASV2235	7	0	0	0	0	0	0	0	0	0	0	0
ASV2236	0	7	0	0	0	0	0	0	0	0	0	0
ASV2237	0	9	0	0	0	0	0	0	0	0	0	0
ASV2238	0	6	0	0	0	0	0	0	0	0	0	0
ASV2239	0	8	0	0	0	0	0	0	0	0	0	0
ASV2240	0	6	0	0	0	0	0	0	0	0	0	0
ASV2241	0	0	7	0	0	0	0	0	0	0	0	0
ASV2242	0	0	9	0	0	0	0	0	0	0	0	0
ASV2243	0	0	9	0	0	0	0	0	0	0	0	0
ASV2244	0	0	7	0	0	0	0	0	0	0	0	0
ASV2245	0	0	7	0	0	0	0	0	0	0	0	0
ASV2246	0	0	8	0	0	0	0	0	0	0	0	0
ASV2247	0	0	9	0	0	0	0	0	0	0	0	0
ASV2248	0	0	0	0	0	0	0	0	0	7	0	0
ASV2249	0	0	0	0	0	0	0	0	0	5	0	0
ASV2250	0	0	0	0	0	0	0	0	0	5	0	0
ASV2251	0	0	0	0	0	0	0	0	0	7	0	0
ASV2252	0	0	0	0	0	0	0	0	0	8	0	0
ASV2253	0	0	0	0	0	0	0	0	0	7	0	0
ASV2254	0	0	0	0	0	0	0	0	0	7	0	0
ASV2255	0	0	0	0	0	0	0	0	0	7	0	0
ASV2256	0	0	0	0	0	0	0	0	0	0	8	0
ASV2257	0	0	0	0	0	0	0	0	0	0	6	0
ASV2258	0	0	0	0	0	0	0	0	0	0	6	0
ASV2259	0	0	0	0	0	0	0	0	0	0	8	0
ASV2260	0	0	0	0	0	0	0	0	0	0	6	0
ASV2261	0	0	0	0	0	0	0	0	0	0	8	0
ASV2262	0	0	0	0	0	0	0	0	0	0	8	0
ASV2263	0	0	0	0	0	0	0	0	0	0	5	0
ASV2264	0	0	0	0	0	0	0	0	0	0	8	0
ASV2265	0	0	0	0	0	0	0	0	0	0	7	0
ASV2266	0	0	0	8	0	0	0	0	0	0	0	0
ASV2267	0	0	0	6	0	0	0	0	0	0	0	0
ASV2268	0	0	0	6	0	0	0	0	0	0	0	0
ASV2269	0	0	0	6	0	0	0	0	0	0	0	0
ASV2270	0	0	0	8	0	0	0	0	0	0	0	0
ASV2271	0	0	0	7	0	0	0	0	0	0	0	0
ASV2272	0	0	0	0	4	0	0	0	0	0	0	0
ASV2273	0	0	0	0	4	0	0	0	0	0	0	0
ASV2274	0	0	0	0	8	0	0	0	0	0	0	0
ASV2275	0	0	0	0	4	0	0	0	0	0	0	0
ASV2276	0	0	0	0	9	0	0	0	0	0	0	0
ASV2277	0	0	0	0	6	0	0	0	0	0	0	0
ASV2278	0	0	0	0	0	9	0	0	0	0	0	0
ASV2279	0	0	0	0	0	7	0	0	0	0	0	0
ASV2280	0	0	0	0	0	6	0	0	0	0	0	0
ASV2281	0	0	0	0	0	7	0	0	0	0	0	0
ASV2282	0	0	0	0	0	7	0	0	0	0	0	0
ASV2283	0	0	0	0	0	1	0	0	4	0	0	0
ASV2284	0	0	0	0	0	0	9	0	0	0	0	0
ASV2285	0	0	0	0	0	0	8	0	0	0	0	0
ASV2286	0	0	0	0	0	0	8	0	0	0	0	0
ASV2287	0	0	0	0	0	0	0	10	0	0	0	0
ASV2288	0	0	0	0	0	0	0	10	0	0	0	0
ASV2289	0	0	0	0	0	0	0	10	0	0	0	0
ASV2290	0	0	0	0	0	0	0	10	0	0	0	0
ASV2291	0	0	0	0	0	0	0	10	0	0	0	0
ASV2292	0	0	0	0	0	0	0	0	5	0	0	0
ASV2293	0	0	0	0	0	0	0	0	8	0	0	0
ASV2294	0	0	0	0	0	0	0	0	4	0	0	0
ASV2295	0	0	0	0	0	0	0	0	0	0	0	0
ASV2296	0	0	0	0	0	0	0	0	0	0	0	0
ASV2297	0	0	0	0	0	0	0	0	0	0	0	0
ASV2298	0	0	0	0	0	0	0	0	0	0	0	0
ASV2299	0	0	0	0	0	0	0	0	0	0	0	0
ASV2300	0	0	0	0	0	0	0	0	0	0	0	0
ASV2301	0	0	0	0	0	0	0	0	0	0	0	0
ASV2302	0	0	0	0	0	0	0	0	0	0	0	0
ASV2303	0	0	0	0	0	0	0	0	0	0	0	0
ASV2304	0	0	0	0	0	0	0	0	0	0	0	0
ASV2305	0	0	0	0	0	0	0	0	0	0	0	0
ASV2306	0	0	0	0	0	0	0	0	0	0	0	0
ASV2307	0	0	0	0	0	0	0	0	0	0	0	0
ASV2308	0	0	0	0	0	0	0	0	0	0	0	0
ASV2309	0	0	0	0	0	0	0	0	0	0	0	0
ASV2310	0	0	0	0	0	0	0	0	0	0	0	0
ASV2311	0	0	0	0	0	0	0	0	0	0	0	0
ASV2312	0	0	0	0	0	0	0	0	0	0	0	0
ASV2313	0	0	0	0	0	0	0	0	0	0	0	0
ASV2314	0	0	0	0	0	0	0	0	0	0	0	0
ASV2315	0	0	0	0	0	0	0	0	0	0	0	0
ASV2316	0	0	0	0	0	0	0	0	0	0	0	0
ASV2317	0	0	0	0	0	0	0	0	0	0	0	0
ASV2318	0	0	0	0	0	0	0	0	0	0	0	0
ASV2319	0	0	0	0	0	0	0	0	0	0	0	0
ASV2320	0	0	0	0	0	0	0	0	0	0	0	0
ASV2321	0	0	0	0	0	0	0	0	0	0	0	0
ASV2322	0	0	0	0	0	0	0	0	0	0	0	0
ASV2323	0	0	0	0	0	0	0	0	0	0	0	0
ASV2324	0	0	0	0	0	0	0	0	0	0	0	0
ASV2325	0	0	0	0	0	0	0	0	0	0	0	0
ASV2326	0	0	0	0	0	0	0	0	0	0	0	0
ASV2327	0	0	0	0	0	0	0	0	0	0	0	0
ASV2328	0	0	0	0	0	0	0	0	0	0	0	0
ASV2329	0	0	0	0	0	0	0	0	0	0	0	0
ASV2330	0	0	0	0	0	0	0	0	0	0	0	0
ASV2331	0	0	0	0	0	0	0	0	0	0	0	0
ASV2332	0	0	0	0	0	0	0	0	0	0	0	0
ASV2333	0	0	0	0	0	0	0	0	0	0	0	0
ASV2334	0	0	0	0	0	0	0	0	0	0	0	0
ASV2335	0	0	0	0	0	0	0	0	0	0	0	0
ASV2336	0	0	0	0	0	0	0	0	0	0	0	0
ASV2337	0	0	0	0	0	0	0	0	0	0	0	0
ASV2338	0	0	0	0	0	0	0	0	0	0	0	0
ASV2339	0	0	0	0	0	0	0	0	0	0	0	0
ASV2340	0	0	0	0	0	0	0	0	0	0	0	0
ASV2341	0	0	0	0	0	0	0	0	0	0	0	0
ASV2342	0	0	0	0	0	0	0	0	0	0	0	0
ASV2343	0	0	0	0	0	0	0	0	0	0	0	0
ASV2344	0	0	0	0	0	0	0	0	0	0	0	0
ASV2345	0	0	0	0	0	0	0	0	0	0	0	0
ASV2346	0	0	0	0	0	0	0	0	0	0	0	0
ASV2347	0	0	0	0	0	0	0	0	0	0	0	0
ASV2348	0	0	0	0	0	0	0	0	0	0	0	0
ASV2349	0	0	0	0	0	0	0	0	0	0	0	0
ASV2350	0	0	0	0	0	0	0	0	0	0	0	0
ASV2351	0	0	0	0	0	0	0	0	0	0	0	0
